1	2	1
1	3	1
1	4	1
1	5	1
1	6	1
1	7	1
1	8	1
2	3	1
2	4	1
2	5	1
2	6	1
2	7	1
2	8	1
3	4	1
3	5	1
3	6	1
3	7	1
3	8	1
4	5	1
4	6	1
4	7	1
4	8	1
5	6	1
5	7	1
5	8	1
6	7	1
6	8	1
7	8	1
9	10	1
9	11	1
9	12	1
9	13	1
9	14	1
9	15	1
9	16	1
10	11	1
10	12	1
10	13	1
10	14	1
10	15	1
10	16	1
11	12	1
11	13	1
11	14	1
11	15	1
11	16	1
12	13	1
12	14	1
12	15	1
12	16	1
13	14	1
13	15	1
13	16	1
14	15	1
14	16	1
14	656	1
14	657	1
15	16	1
17	18	1
17	19	1
17	20	1
17	21	1
17	22	1
17	23	1
17	24	1
18	19	1
18	20	1
18	21	1
18	22	1
18	23	1
18	24	1
19	20	1
19	21	1
19	22	1
19	23	1
19	24	1
20	21	1
20	22	1
20	23	1
20	24	1
21	22	1
21	23	1
21	24	1
22	23	1
22	24	1
23	24	1
25	26	1
25	27	1
25	28	1
25	29	1
25	30	1
25	31	1
26	27	1
26	28	1
26	29	1
26	30	1
26	31	1
27	28	1
27	29	1
27	30	1
27	31	1
28	29	1
28	30	1
28	31	1
29	30	1
29	31	1
30	31	1
32	33	1
32	34	1
32	35	1
32	36	1
32	37	1
32	38	1
33	34	1
33	35	1
33	36	1
33	37	1
33	38	1
34	35	1
34	36	1
34	37	1
34	38	1
35	36	1
35	37	1
35	38	1
36	37	1
36	38	1
37	38	1
39	40	1
39	41	2
39	42	1
39	43	1
39	44	1
39	45	1
39	46	1
39	47	1
39	48	1
40	41	1
40	42	1
40	43	1
40	44	1
40	45	1
40	46	1
40	47	1
40	48	1
41	42	1
41	43	1
41	44	1
41	45	1
41	46	1
41	47	1
41	48	1
42	43	1
42	44	1
42	45	1
42	46	1
42	47	1
42	48	1
43	44	1
43	45	1
43	46	1
43	47	1
43	48	1
44	45	1
44	46	1
44	47	1
44	48	1
45	46	1
45	47	1
45	48	1
46	47	1
46	48	1
47	48	1
49	50	1
49	51	1
49	52	1
49	53	1
49	54	1
49	55	1
49	56	1
49	57	1
49	58	1
50	51	1
50	52	1
50	53	1
50	54	1
50	55	1
50	56	1
50	57	1
50	58	1
51	52	1
51	53	1
51	54	1
51	55	1
51	56	1
51	57	1
51	58	1
52	53	1
52	54	1
52	55	1
52	56	1
52	57	1
52	58	1
53	54	1
53	55	1
53	56	1
53	57	1
53	58	1
54	55	1
54	56	1
54	57	1
54	58	1
55	56	1
55	57	1
55	58	1
56	57	1
56	58	1
57	58	1
59	60	1
59	61	1
59	62	1
59	63	1
59	64	1
59	65	1
59	66	1
59	67	1
59	68	1
59	69	1
60	61	1
60	62	1
60	63	1
60	64	1
60	65	1
60	66	1
60	67	1
60	68	1
60	69	1
61	62	1
61	63	1
61	64	1
61	65	1
61	66	1
61	67	1
61	68	1
61	69	1
62	63	1
62	64	1
62	65	1
62	66	1
62	67	1
62	68	1
62	69	1
63	64	1
63	65	1
63	66	1
63	67	1
63	68	1
63	69	1
64	65	1
64	66	1
64	67	1
64	68	1
64	69	1
65	66	1
65	67	1
65	68	1
65	69	1
66	67	1
66	68	1
66	69	1
67	68	1
67	69	1
68	69	1
70	71	1
70	72	1
70	73	1
70	74	1
70	75	1
70	76	1
70	77	1
70	78	1
70	79	1
71	72	1
71	73	1
71	74	1
71	75	1
71	76	1
71	77	1
71	78	1
71	79	1
72	73	1
72	74	1
72	75	1
72	76	1
72	77	1
72	78	1
72	79	1
73	74	1
73	75	1
73	76	1
73	77	1
73	78	1
73	79	1
74	75	1
74	76	1
74	77	1
74	78	1
74	79	1
75	76	1
75	77	1
75	78	1
75	79	1
76	77	1
76	78	1
76	79	1
77	78	1
77	79	1
78	79	1
80	81	2
80	82	1
80	83	1
80	84	1
80	85	2
80	86	1
80	149	1
80	150	1
81	82	1
81	83	1
81	84	1
81	85	2
81	86	1
81	149	1
81	150	1
82	83	1
82	84	1
82	85	1
82	86	1
83	84	1
83	85	1
83	86	1
84	85	1
84	86	1
85	86	1
85	149	1
85	150	1
87	88	1
87	89	1
87	90	1
87	91	1
87	92	1
87	93	1
87	94	1
87	95	1
88	89	1
88	90	1
88	91	1
88	92	1
88	93	1
88	94	1
88	95	1
89	90	1
89	91	1
89	92	1
89	93	1
89	94	1
89	95	1
90	91	1
90	92	1
90	93	1
90	94	1
90	95	1
91	92	1
91	93	1
91	94	1
91	95	1
92	93	1
92	94	1
92	95	1
93	94	1
93	95	1
94	95	1
96	97	1
96	98	1
96	99	1
96	100	1
96	101	1
97	98	1
97	99	1
97	100	1
97	101	1
98	99	1
98	100	1
98	101	1
99	100	1
99	101	1
100	101	1
102	103	1
102	104	1
102	105	1
102	106	1
102	107	1
103	104	1
103	105	1
103	106	1
103	107	1
104	105	1
104	106	1
104	107	1
105	106	1
105	107	1
106	107	1
108	109	1
108	110	1
108	111	1
108	112	1
108	113	1
109	110	1
109	111	1
109	112	1
109	113	1
110	111	1
110	112	1
110	113	1
111	112	1
111	113	1
112	113	1
114	115	1
114	116	1
114	117	1
114	118	1
114	119	1
115	116	1
115	117	1
115	118	1
115	119	1
116	117	1
116	118	1
116	119	1
117	118	1
117	119	1
118	119	1
120	121	1
120	122	1
120	123	1
120	124	1
120	125	2
120	398	1
120	399	1
120	400	1
121	122	1
121	123	1
121	124	1
121	125	1
122	123	1
122	124	1
122	125	1
123	124	1
123	125	1
124	125	1
125	398	1
125	399	1
125	400	1
126	127	1
126	128	1
126	129	1
126	130	1
126	131	1
127	128	1
127	129	1
127	130	1
127	131	1
128	129	1
128	130	1
128	131	1
129	130	1
129	131	1
130	131	1
132	133	1
132	134	1
132	135	1
132	136	1
132	137	1
132	138	1
133	134	1
133	135	1
133	136	1
133	137	1
133	138	1
134	135	1
134	136	1
134	137	1
134	138	1
135	136	1
135	137	1
135	138	1
136	137	1
136	138	1
137	138	1
139	140	1
139	141	1
139	142	1
139	143	1
140	141	1
140	142	1
140	143	1
141	142	1
141	143	1
142	143	1
144	145	1
144	146	1
144	147	1
144	148	2
144	503	1
144	504	1
145	146	1
145	147	1
145	148	1
146	147	1
146	148	1
147	148	1
148	503	1
148	504	1
149	150	1
151	152	1
151	153	1
151	154	1
151	155	1
152	153	1
152	154	1
152	155	1
153	154	1
153	155	1
154	155	1
156	157	1
156	158	1
156	159	1
156	160	1
156	161	1
156	162	1
156	163	1
156	164	1
156	165	1
156	183	1
156	184	1
156	185	1
156	186	1
156	187	1
156	188	1
156	189	1
157	158	1
157	159	1
157	160	1
157	161	2
157	162	1
157	163	1
157	164	1
157	165	1
157	693	1
158	159	1
158	160	1
158	161	1
158	162	1
158	163	1
158	164	1
158	165	1
159	160	1
159	161	1
159	162	1
159	163	1
159	164	1
159	165	1
160	161	1
160	162	1
160	163	1
160	164	1
160	165	1
161	162	1
161	163	1
161	164	1
161	165	1
161	693	1
161	1228	1
161	240	1
161	1244	1
162	163	1
162	164	1
162	165	1
163	164	1
163	165	1
164	165	1
166	167	1
166	168	1
166	169	1
166	170	1
167	168	1
167	169	1
167	170	1
168	169	1
168	170	1
169	170	1
171	172	1
171	173	1
171	174	1
171	175	1
172	173	1
172	174	1
172	175	1
173	174	1
173	175	1
174	175	1
176	177	1
176	178	1
176	179	1
176	180	1
176	181	1
176	182	1
177	178	1
177	179	1
177	180	1
177	181	1
177	182	1
178	179	1
178	180	1
178	181	1
178	182	1
179	180	1
179	181	1
179	182	1
180	181	1
180	182	1
181	182	1
183	184	1
183	185	1
183	186	1
183	187	1
183	188	1
183	189	1
184	185	1
184	186	1
184	187	1
184	188	1
184	189	1
185	186	1
185	187	1
185	188	3
185	189	1
185	814	2
186	187	1
186	188	1
186	189	1
187	188	1
187	189	1
188	189	1
188	760	1
188	761	1
188	814	1
189	949	1
189	710	1
189	950	1
189	951	1
189	952	1
189	953	1
190	191	1
190	192	1
190	193	1
190	194	1
191	192	1
191	193	1
191	194	1
192	193	1
192	194	1
193	194	1
194	206	1
194	243	1
194	209	1
194	312	1
194	313	2
195	196	1
195	197	1
195	198	1
195	199	1
195	200	1
195	201	1
196	197	1
196	198	1
196	199	1
196	200	1
196	201	1
197	198	1
197	199	1
197	200	1
197	201	1
198	199	1
198	200	1
198	201	1
199	200	1
199	201	1
200	201	1
202	203	1
202	204	1
202	205	1
203	204	1
203	205	1
204	205	1
206	207	1
206	208	1
206	209	2
206	243	1
207	208	1
207	209	1
208	209	1
209	243	1
210	211	1
210	212	1
210	213	1
210	732	1
210	733	1
211	212	1
211	213	1
212	213	1
214	215	1
214	216	1
214	217	1
214	218	1
214	219	1
215	216	1
215	217	1
215	218	1
215	219	1
216	217	1
216	218	1
216	219	1
217	218	1
217	219	1
218	219	1
220	221	1
220	222	1
220	223	1
220	231	1
220	232	1
220	233	1
221	222	1
221	223	1
221	371	1
221	372	1
221	373	1
222	223	1
224	225	1
224	226	1
224	227	1
224	228	1
224	229	1
224	230	1
225	226	1
225	227	1
225	228	1
225	229	1
225	230	1
226	227	1
226	228	1
226	229	1
226	230	1
227	228	1
227	229	1
227	230	1
228	229	1
228	230	1
229	230	1
231	232	1
231	233	1
232	233	1
234	235	3
234	236	2
234	237	2
234	441	1
235	236	2
235	237	2
235	441	1
236	237	2
236	283	1
236	561	1
236	562	1
236	563	1
238	239	1
238	240	1
238	241	1
238	242	1
239	240	1
239	241	1
239	242	1
240	241	1
240	242	1
240	1228	1
241	242	1
244	245	1
244	246	1
244	247	1
245	246	1
245	247	1
246	247	1
248	249	1
248	250	1
248	251	1
249	250	1
249	251	1
250	251	1
252	253	1
252	254	1
252	255	1
252	256	1
252	257	1
252	258	1
253	254	1
253	255	1
253	256	1
253	257	1
253	258	1
254	255	1
254	256	1
254	257	1
254	258	1
255	256	1
255	257	1
255	258	1
256	257	1
256	258	1
257	258	1
259	260	1
259	261	1
260	261	1
262	263	1
262	264	1
262	265	1
262	266	1
262	267	1
263	264	1
263	265	1
263	266	1
263	267	1
264	265	1
264	266	1
264	267	1
265	266	1
265	267	1
266	267	1
268	269	1
268	270	1
269	270	1
271	272	1
271	273	1
271	274	1
271	654	1
271	655	2
271	932	1
272	273	1
272	274	1
273	274	1
275	276	1
275	277	1
275	278	1
275	424	1
275	425	1
275	426	1
276	277	1
276	278	1
277	278	1
279	280	1
279	281	1
279	1274	1
280	281	1
282	283	1
282	284	1
283	284	1
283	561	1
283	562	1
283	563	1
284	290	2
284	291	1
284	292	1
284	293	1
284	294	1
284	295	1
284	296	1
284	648	1
284	649	1
285	286	1
285	287	1
285	288	1
285	289	1
286	287	1
286	288	1
286	289	1
287	288	1
287	289	1
288	289	1
290	291	1
290	292	1
290	293	1
290	294	1
290	295	1
290	296	1
290	648	1
290	649	1
291	292	1
291	293	1
291	294	1
291	295	1
291	296	1
292	293	1
292	294	1
292	295	1
292	296	1
293	294	1
293	295	1
293	296	1
294	295	1
294	296	1
295	296	1
297	298	1
297	299	1
297	1152	1
297	1153	1
298	299	1
300	301	1
300	302	1
301	302	1
303	304	1
303	305	1
303	306	1
303	307	1
304	305	1
304	306	1
304	307	1
305	306	1
305	307	1
306	307	1
308	309	1
308	310	1
308	311	1
309	310	1
309	311	1
310	311	1
312	313	1
314	315	2
314	316	1
314	317	1
314	318	1
314	319	1
314	430	1
314	431	1
314	432	1
315	316	1
315	317	1
315	318	1
315	319	1
315	430	1
315	431	1
315	432	1
316	317	1
316	318	1
316	319	1
317	318	1
317	319	1
318	319	1
320	321	1
320	322	1
320	323	1
320	324	1
320	325	1
321	322	1
321	323	1
321	324	1
321	325	1
322	323	1
322	324	1
322	325	1
323	324	1
323	325	1
324	325	1
326	327	1
326	328	1
326	329	1
327	328	1
327	329	1
328	329	1
330	331	1
332	333	1
332	334	1
332	335	1
332	336	1
333	334	1
333	335	1
333	336	1
334	335	1
334	336	1
335	336	1
337	338	1
337	339	1
337	340	1
337	341	1
337	501	1
337	502	1
338	339	1
338	340	1
338	341	1
339	340	1
339	341	1
340	341	1
342	343	1
342	344	1
342	345	1
343	344	1
343	345	1
344	345	1
346	347	1
346	348	1
346	349	1
346	350	1
347	348	1
347	349	1
347	350	1
348	349	1
348	350	1
349	350	1
351	352	1
351	353	1
351	354	1
352	353	1
352	354	1
353	354	1
355	356	1
355	357	1
356	357	1
358	359	1
358	360	1
358	361	1
358	362	1
358	363	1
359	360	1
359	361	1
359	362	1
359	363	1
360	361	1
360	362	1
360	363	1
361	362	1
361	363	1
362	363	1
364	365	1
364	366	1
364	367	1
364	368	1
365	366	1
365	367	1
365	368	1
366	367	1
366	368	1
367	368	1
369	370	1
371	372	1
371	373	1
371	1246	1
371	1247	1
371	1248	1
371	1249	1
372	373	1
374	375	1
374	376	1
374	377	1
374	378	1
375	376	1
375	377	1
375	378	1
376	377	1
376	378	1
377	378	1
379	380	1
379	381	1
379	382	1
380	381	1
380	382	1
381	382	1
383	384	1
383	385	1
383	386	1
383	387	1
383	388	1
384	385	1
384	386	1
384	387	1
384	388	1
385	386	1
385	387	1
385	388	1
386	387	1
386	388	1
387	388	1
389	390	1
389	391	1
389	392	1
390	391	1
390	392	1
391	392	1
393	394	1
393	395	1
393	396	1
393	397	1
394	395	1
394	396	1
394	397	1
395	396	1
395	397	1
396	397	1
398	399	1
398	400	1
399	400	1
401	402	1
401	403	1
401	404	1
402	403	1
402	404	1
403	404	1
405	406	1
405	407	1
406	407	1
408	409	1
408	410	1
408	411	1
409	410	1
409	411	1
410	411	1
412	413	1
412	414	1
413	414	1
415	416	1
415	417	1
415	418	1
415	419	1
416	417	1
416	418	1
416	419	1
417	418	1
417	419	1
418	419	1
420	421	1
420	422	1
420	423	1
421	422	1
421	423	1
422	423	1
424	425	1
424	426	1
425	426	1
427	428	1
427	429	1
428	429	1
430	431	1
430	432	1
431	432	1
433	434	1
433	435	1
433	436	1
434	435	1
434	436	1
435	436	1
437	438	1
437	439	1
437	440	1
438	439	1
438	440	1
439	440	1
442	443	1
442	444	1
442	445	1
442	446	1
442	447	1
442	448	1
442	449	1
443	444	1
443	445	1
443	446	1
443	447	1
443	448	1
443	449	1
444	445	1
444	446	1
444	447	1
444	448	1
444	449	1
445	446	1
445	447	1
445	448	1
445	449	1
446	447	1
446	448	1
446	449	1
447	448	1
447	449	1
448	449	1
450	451	1
450	452	1
450	453	1
450	454	1
451	452	1
451	453	1
451	454	1
452	453	1
452	454	1
453	454	1
455	456	3
455	457	3
455	458	1
455	459	1
456	457	3
456	458	1
456	459	1
457	458	1
457	459	1
458	459	1
460	461	1
462	463	2
462	464	1
462	465	1
462	466	1
462	467	1
462	934	1
462	935	1
462	936	1
463	464	1
463	465	1
463	466	1
463	467	1
463	934	1
463	935	1
463	936	1
464	465	1
464	466	1
464	467	1
465	466	1
465	467	1
466	467	1
468	469	1
468	470	1
469	470	1
471	472	1
471	473	1
472	473	1
474	475	1
476	477	1
476	478	2
476	686	1
477	478	1
478	686	1
479	480	1
479	481	1
479	650	1
479	651	1
479	652	1
479	653	1
480	481	1
482	483	1
484	485	1
484	486	1
485	486	1
486	673	1
486	674	1
486	675	1
487	488	1
487	489	1
488	489	1
490	491	1
490	492	1
491	492	1
493	494	1
495	496	1
495	497	1
496	497	1
498	499	1
498	500	1
499	500	1
501	502	1
503	504	1
505	506	1
505	507	1
505	508	1
506	507	1
506	508	1
507	508	1
509	510	1
509	511	1
510	511	1
512	513	1
512	514	1
512	515	1
512	516	1
512	517	1
513	514	1
513	515	1
513	516	1
513	517	1
514	515	1
514	516	1
514	517	1
514	536	1
514	537	1
514	538	1
514	539	1
514	540	1
514	541	1
514	542	1
514	543	1
514	544	1
515	516	1
515	517	1
516	517	1
518	519	1
521	522	1
521	523	1
522	523	1
524	525	1
526	527	1
526	528	1
527	528	1
529	530	1
529	531	1
529	532	1
529	533	1
529	534	1
529	535	1
529	1293	1
530	531	1
530	532	1
530	533	1
530	534	1
530	535	1
531	532	1
531	533	1
531	534	1
531	535	1
532	533	1
532	534	1
532	535	1
532	1256	1
532	1257	1
532	1027	2
533	534	1
533	535	1
534	535	1
536	537	1
536	538	1
536	539	1
536	540	1
536	541	1
536	542	1
536	543	1
536	544	1
537	538	1
537	539	1
537	540	1
537	541	1
537	542	1
537	543	1
537	544	1
538	539	1
538	540	1
538	541	1
538	542	1
538	543	1
538	544	1
539	540	1
539	541	1
539	542	1
539	543	1
539	544	1
540	541	1
540	542	1
540	543	1
540	544	1
541	542	1
541	543	1
541	544	1
542	543	1
542	544	1
543	544	1
545	546	3
545	694	1
545	978	1
545	979	1
546	694	1
546	978	1
546	979	1
547	548	1
550	551	1
550	552	1
550	553	1
550	554	1
550	555	1
551	552	1
551	553	1
551	554	1
551	555	1
552	553	1
552	554	1
552	555	1
553	554	1
553	555	1
554	555	1
556	557	2
556	719	2
556	720	2
556	721	2
557	719	1
557	720	1
557	721	1
558	559	1
558	560	1
559	560	1
561	562	1
561	563	1
562	563	1
562	725	1
564	565	1
564	566	1
565	566	1
567	568	1
567	593	1
567	993	1
567	994	1
567	995	1
567	996	1
567	997	1
567	998	1
567	999	1
568	569	1
568	570	1
568	571	1
568	572	1
568	573	1
568	574	2
568	575	2
568	576	2
568	577	1
568	578	1
568	579	2
568	580	1
569	570	1
569	571	1
569	572	1
569	573	1
569	574	2
569	575	2
569	576	2
569	577	1
569	578	1
569	579	2
569	580	1
570	571	1
570	572	1
570	573	1
570	574	2
570	575	2
570	576	2
570	577	1
570	578	1
570	579	2
570	580	1
571	572	1
571	573	1
571	574	2
571	575	2
571	576	2
571	577	1
571	578	1
571	579	2
571	580	1
572	573	1
572	574	2
572	575	2
572	576	2
572	577	1
572	578	1
572	579	2
572	580	1
573	574	2
573	575	2
573	576	2
573	577	1
573	578	1
573	579	2
573	580	1
574	575	4
574	576	4
574	577	2
574	578	2
574	574	1
574	579	4
574	580	2
575	576	4
575	577	2
575	578	2
575	579	4
575	575	1
575	580	2
576	577	2
576	578	2
576	579	4
576	576	1
576	580	2
577	578	1
577	579	2
577	580	1
578	579	2
578	580	1
579	579	1
579	580	2
582	583	1
584	585	1
584	586	1
584	587	1
585	586	1
585	587	1
586	587	1
588	589	1
590	591	1
590	592	1
591	592	1
594	595	1
597	598	2
597	877	1
597	878	1
597	879	1
598	877	1
598	878	1
598	879	1
599	600	1
601	602	1
603	604	1
603	605	1
604	605	1
606	607	1
606	608	1
607	608	1
609	610	1
609	611	1
609	612	1
610	611	1
610	612	1
611	612	1
614	615	1
614	616	1
615	616	1
617	618	1
617	619	1
617	620	1
617	621	1
618	619	1
618	620	1
618	621	1
619	620	1
619	621	1
620	621	1
622	623	1
622	624	2
623	624	2
624	624	1
626	627	1
626	628	1
626	629	1
627	628	1
627	629	1
628	629	1
630	631	1
630	632	1
630	633	1
630	634	1
630	635	1
630	636	1
630	637	1
630	638	1
630	639	1
630	640	1
630	641	1
631	632	1
631	633	1
631	634	1
631	635	1
631	636	1
631	637	1
631	638	1
631	639	1
631	640	1
631	641	1
632	633	1
632	634	1
632	635	1
632	636	1
632	637	1
632	638	1
632	639	1
632	640	1
632	641	1
633	634	1
633	635	1
633	636	1
633	637	1
633	638	1
633	639	1
633	640	1
633	641	1
634	635	1
634	636	1
634	637	1
634	638	1
634	639	1
634	640	1
634	641	1
635	636	1
635	637	1
635	638	1
635	639	1
635	640	1
635	641	1
636	637	1
636	638	1
636	639	1
636	640	1
636	641	1
637	638	1
637	639	1
637	640	1
637	641	1
638	639	1
638	640	1
638	641	1
639	640	1
639	641	1
640	641	1
642	643	1
642	644	1
642	645	1
643	644	1
643	645	1
644	645	1
646	647	1
648	649	1
650	651	1
650	652	1
650	653	1
651	652	1
651	653	1
652	653	1
654	655	1
655	932	1
656	657	1
658	659	1
660	661	1
660	662	1
660	663	1
661	662	1
661	663	1
662	663	1
664	665	1
664	666	1
664	667	1
664	668	1
665	666	1
665	667	1
665	668	1
666	667	1
666	668	1
667	668	1
669	670	1
671	672	1
673	674	1
673	675	1
674	675	1
676	677	1
678	679	1
680	681	1
682	683	1
684	685	1
687	688	1
687	689	1
687	690	1
688	689	1
688	690	1
689	690	1
691	692	1
695	696	1
697	698	1
697	699	1
697	700	1
698	699	1
698	700	1
699	700	1
702	703	1
702	704	1
703	704	1
705	706	1
707	708	1
710	711	1
710	712	1
710	949	1
710	950	1
710	951	1
710	952	1
710	953	1
711	712	1
713	714	1
717	718	1
719	720	2
719	721	2
719	876	2
720	721	2
722	1092	1
723	724	1
726	727	1
728	729	1
728	730	1
728	1144	1
728	1266	1
729	730	1
732	733	1
734	735	1
737	738	1
737	739	1
738	739	1
740	741	1
740	742	1
741	742	1
743	744	1
745	746	1
745	747	1
745	748	1
745	749	1
746	747	1
746	748	1
746	749	1
747	748	1
747	749	1
748	749	1
751	752	1
751	753	1
751	825	1
751	842	1
752	753	1
754	755	1
754	756	1
754	757	1
754	758	1
754	759	1
755	756	1
755	757	1
755	758	1
755	759	1
756	757	1
756	758	1
756	759	1
757	758	1
757	759	1
758	759	1
760	761	1
762	763	1
762	764	1
762	765	1
762	766	1
762	767	1
762	768	1
762	769	1
763	764	1
763	765	1
763	766	1
763	767	1
763	768	1
763	769	1
764	765	1
764	766	1
764	767	1
764	768	1
764	769	1
765	766	1
765	767	1
765	768	1
765	769	1
766	767	1
766	768	1
766	769	1
767	768	1
767	769	1
768	769	1
770	771	1
770	772	1
771	772	1
773	774	1
773	775	1
774	775	1
775	889	1
775	890	2
775	891	1
775	892	1
775	893	1
775	894	1
775	975	1
775	976	1
775	977	1
776	777	1
776	778	1
777	778	1
779	780	1
779	781	1
779	782	1
779	783	1
779	784	1
780	781	1
780	782	1
780	783	1
780	784	1
781	782	1
781	783	1
781	784	1
782	783	1
782	784	1
783	784	1
786	787	1
789	790	1
789	791	1
790	791	1
792	793	1
792	794	1
792	795	1
792	796	1
792	797	1
793	794	1
793	795	1
793	796	1
793	797	1
794	795	1
794	796	1
794	797	1
795	796	1
795	797	1
796	797	1
798	799	1
798	800	1
798	801	1
799	800	1
799	801	1
800	801	1
802	803	1
802	804	1
802	805	1
803	804	1
803	805	1
804	805	1
806	807	1
806	808	1
806	809	1
806	810	1
806	811	1
806	812	1
807	808	1
807	809	1
807	810	1
807	811	1
807	812	1
808	809	1
808	810	1
808	811	1
808	812	1
809	810	1
809	811	1
809	812	1
810	811	1
810	812	1
811	812	1
816	817	1
818	819	1
818	820	1
819	820	1
821	822	1
821	823	1
822	823	1
826	827	2
826	828	1
826	1141	1
826	1142	1
827	828	1
827	1141	1
827	1142	1
829	830	1
829	831	1
829	832	1
829	833	1
830	831	1
830	832	1
830	833	1
831	832	1
831	833	1
832	833	1
835	836	1
835	837	1
835	838	1
835	839	1
835	840	1
835	841	1
836	837	1
836	838	1
836	839	1
836	840	1
836	841	1
837	838	1
837	839	1
837	840	1
837	841	1
838	839	1
838	840	1
838	841	1
839	840	1
839	841	1
840	841	1
843	844	1
846	847	1
846	848	1
846	849	1
846	850	1
846	851	1
847	848	1
847	849	1
847	850	1
847	851	1
848	849	1
848	850	1
848	851	1
849	850	1
849	851	1
850	851	1
852	853	1
852	854	1
852	855	1
852	856	1
852	857	1
852	858	1
853	854	1
853	855	1
853	856	1
853	857	1
853	858	1
854	855	1
854	856	1
854	857	1
854	858	1
855	856	1
855	857	1
855	858	1
856	857	1
856	858	1
857	858	1
859	860	1
859	861	1
860	861	1
860	1242	1
860	1243	1
862	863	1
862	864	1
863	864	1
865	866	1
868	869	1
868	870	1
869	870	1
872	873	1
874	875	1
877	878	1
877	879	1
878	879	1
880	881	1
880	882	1
880	883	1
881	882	1
881	883	1
882	883	1
884	885	1
886	887	1
886	888	1
887	888	1
889	890	1
889	891	1
889	892	1
889	893	1
889	894	1
890	891	1
890	892	1
890	893	1
890	894	1
890	975	1
890	976	1
890	977	1
891	892	1
891	893	1
891	894	1
892	893	1
892	894	1
893	894	1
895	896	1
895	897	1
895	898	1
895	899	1
896	897	1
896	898	1
896	899	1
897	898	1
897	899	1
898	899	1
900	901	1
903	904	1
903	905	1
903	906	1
904	905	1
904	906	1
905	906	1
907	908	1
907	909	1
908	909	1
910	911	1
912	913	1
912	914	1
913	914	1
915	916	1
915	917	1
916	917	1
918	919	1
918	920	1
918	921	1
919	920	1
919	921	1
920	921	1
922	923	1
925	926	1
925	927	1
926	927	1
928	929	1
928	930	1
928	931	1
929	930	1
929	931	1
930	931	1
934	935	1
934	936	1
935	936	1
937	938	1
937	939	1
938	939	1
941	942	1
941	943	1
942	943	1
943	1059	1
943	1060	1
943	1061	1
944	945	1
944	946	1
944	947	1
945	946	1
945	947	1
946	947	1
949	950	1
949	951	1
949	952	1
949	953	1
950	951	1
950	952	1
950	953	1
951	952	1
951	953	1
952	953	1
954	955	1
954	956	1
954	957	1
954	958	1
954	959	1
954	960	1
955	956	1
955	957	1
955	958	1
955	959	1
955	960	1
956	957	1
956	958	1
956	959	1
956	960	1
957	958	1
957	959	1
957	960	1
958	959	1
958	960	1
959	960	1
961	962	1
961	963	1
961	964	1
961	965	1
961	966	1
962	963	1
962	964	1
962	965	1
962	966	1
963	964	1
963	965	1
963	966	1
964	965	1
964	966	1
965	966	1
967	968	1
967	969	1
967	970	1
967	971	1
967	972	1
968	969	1
968	970	1
968	971	1
968	972	1
969	970	1
969	971	1
969	972	1
970	971	1
970	972	1
971	972	1
975	976	1
975	977	1
976	977	1
978	979	1
980	981	1
980	982	1
980	983	1
981	982	1
981	983	1
982	983	1
984	985	2
984	986	1
984	987	1
984	1299	1
985	986	1
985	987	1
986	987	1
988	989	1
988	990	1
988	991	1
989	990	1
989	991	1
990	991	1
992	992	1
993	994	1
993	995	1
993	996	1
993	997	1
993	998	1
993	999	1
994	995	1
994	996	1
994	997	1
994	998	1
994	999	1
995	996	1
995	997	1
995	998	1
995	999	1
996	997	1
996	998	1
996	999	1
997	998	1
997	999	1
998	999	1
1000	1001	1
1000	1002	1
1000	1003	1
1000	1004	1
1001	1002	1
1001	1003	1
1001	1004	1
1002	1003	1
1002	1004	1
1003	1004	1
1006	1007	1
1006	1008	1
1007	1008	1
1009	1010	1
1009	1011	1
1009	1012	1
1009	1013	1
1009	1166	1
1009	1167	1
1010	1011	1
1010	1012	1
1010	1013	1
1011	1012	1
1011	1013	1
1012	1013	1
1012	1209	1
1012	1210	1
1012	1211	1
1012	1212	1
1014	1015	1
1014	1016	1
1014	1017	1
1014	1018	1
1015	1016	1
1015	1017	1
1015	1018	1
1016	1017	1
1016	1018	1
1017	1018	1
1019	1020	1
1019	1021	1
1019	1022	1
1020	1021	1
1020	1022	1
1021	1022	1
1023	1024	1
1023	1025	1
1023	1026	1
1024	1025	1
1024	1026	1
1025	1026	1
1027	1028	1
1027	1029	1
1027	1256	1
1027	1257	1
1028	1029	1
1030	1031	1
1030	1032	1
1031	1032	1
1033	1034	1
1033	1035	1
1034	1035	1
1036	1037	1
1038	1039	1
1038	1040	1
1039	1040	1
1041	1042	1
1041	1043	1
1041	1044	1
1042	1043	1
1042	1044	1
1043	1044	1
1045	1046	1
1045	1047	1
1046	1047	1
1048	1049	1
1050	1051	1
1053	1054	1
1053	1055	1
1053	1056	1
1053	1057	1
1053	1058	1
1054	1055	1
1056	1057	1
1056	1058	1
1057	1058	1
1059	1060	1
1059	1061	1
1060	1061	1
1062	1063	1
1063	1207	1
1063	1208	1
1063	1254	1
1063	1255	1
1064	1065	1
1064	1066	1
1064	1067	1
1064	1068	1
1065	1066	1
1065	1067	1
1065	1068	1
1066	1067	1
1066	1068	1
1067	1068	1
1069	1070	1
1069	1071	1
1070	1071	1
1072	1073	1
1074	1075	1
1074	1076	1
1075	1076	1
1077	1078	1
1079	1080	1
1079	1081	1
1079	1082	1
1079	1083	1
1080	1081	1
1080	1082	1
1080	1083	1
1081	1082	1
1081	1083	1
1082	1083	1
1084	1085	1
1084	1086	1
1084	1087	1
1084	1088	1
1084	1089	1
1084	1090	1
1084	1091	1
1085	1086	1
1085	1087	1
1085	1088	1
1085	1089	1
1085	1090	1
1085	1091	1
1086	1087	1
1086	1088	1
1086	1089	1
1086	1090	1
1086	1091	1
1087	1088	1
1087	1089	1
1087	1090	1
1087	1091	1
1088	1089	1
1088	1090	1
1088	1091	1
1089	1090	1
1089	1091	1
1090	1091	1
1093	1094	1
1093	1095	1
1094	1095	1
1096	1097	1
1096	1098	1
1096	1099	1
1096	1100	1
1096	1101	1
1096	1102	1
1097	1098	1
1097	1099	1
1097	1100	1
1097	1101	1
1097	1102	1
1098	1099	1
1098	1100	1
1098	1101	1
1098	1102	1
1099	1100	1
1099	1101	1
1099	1102	1
1100	1101	1
1100	1102	1
1101	1102	1
1103	1104	1
1103	1105	1
1103	1106	1
1104	1105	1
1104	1106	1
1105	1106	1
1109	1110	1
1111	1112	1
1111	1113	1
1112	1113	1
1114	1115	1
1116	1117	1
1116	1118	1
1116	1119	1
1116	1120	1
1116	1121	1
1117	1118	1
1117	1119	1
1117	1120	1
1117	1121	1
1118	1119	1
1118	1120	1
1118	1121	1
1119	1120	1
1119	1121	1
1120	1121	1
1122	1123	1
1122	1124	1
1123	1124	1
1125	1126	1
1125	1127	1
1125	1128	1
1125	1129	1
1125	1130	1
1125	1131	1
1126	1127	1
1126	1128	1
1126	1129	1
1126	1130	1
1126	1131	1
1127	1128	1
1127	1129	1
1127	1130	1
1127	1131	1
1128	1129	1
1128	1130	1
1128	1131	1
1129	1130	1
1129	1131	1
1130	1131	1
1132	1133	1
1132	1134	1
1132	1135	1
1133	1134	1
1133	1135	1
1134	1135	1
1136	1137	1
1138	1139	1
1138	1140	1
1139	1140	1
1141	1142	1
1143	1144	1
1143	1145	1
1143	1146	1
1144	1145	1
1144	1146	1
1144	1266	1
1145	1146	1
1147	1148	1
1147	1149	1
1147	1150	1
1147	1151	1
1148	1149	1
1148	1150	1
1148	1151	1
1149	1150	1
1149	1151	1
1150	1151	1
1152	1153	1
1154	1155	1
1154	1156	1
1154	1157	1
1154	1158	1
1155	1156	1
1155	1157	1
1155	1158	1
1156	1157	1
1156	1158	1
1157	1158	1
1159	1160	1
1161	1162	1
1161	1163	1
1162	1163	1
1164	1165	1
1166	1167	1
1168	1169	1
1168	1170	1
1169	1170	1
1172	1173	1
1172	1174	1
1173	1174	1
1175	1176	1
1177	1178	1
1177	1179	1
1178	1179	1
1180	1181	1
1180	1182	1
1181	1182	1
1183	1184	1
1183	1185	1
1183	1186	1
1184	1185	1
1184	1186	1
1185	1186	1
1187	1188	2
1189	1190	1
1189	1191	1
1190	1191	1
1193	1194	1
1195	1196	1
1195	1197	1
1196	1197	1
1198	1199	1
1198	1200	2
1199	1200	1
1201	1202	1
1205	1206	1
1207	1208	1
1209	1210	1
1209	1211	1
1209	1212	1
1210	1211	1
1210	1212	1
1211	1212	1
1213	1214	1
1213	1215	1
1214	1215	1
1217	1218	1
1219	1220	1
1219	1221	1
1220	1221	1
1223	1224	1
1223	1225	1
1223	1226	1
1223	1227	1
1224	1225	1
1224	1226	1
1224	1227	1
1225	1226	1
1225	1227	1
1226	1227	1
1229	1230	1
1232	1233	1
1232	1234	1
1233	1234	1
1235	1236	1
1237	1238	1
1237	1239	1
1237	1240	1
1238	1239	1
1238	1240	1
1239	1240	1
1242	1243	1
1246	1247	1
1246	1248	1
1246	1249	1
1247	1248	1
1247	1249	1
1248	1249	1
1250	1259	1
1251	1252	1
1251	1253	1
1252	1253	1
1254	1255	1
1256	1257	1
1260	1261	1
1260	1262	1
1261	1262	1
1263	1264	1
1263	1265	1
1268	1269	1
1270	1271	1
1272	1273	1
1275	1276	1
1277	1278	1
1279	1280	1
1283	1284	1
1283	1285	1
1284	1285	1
1286	1287	1
1290	1291	1
1290	1292	1
1291	1292	1
1295	1296	1
1297	1298	1
1300	1301	1
1300	1302	1
1300	1303	1
1300	1304	1
1300	1305	1
1300	1306	1
1300	1307	1
1301	1302	1
1301	1303	1
1301	1304	1
1301	1305	1
1301	1306	1
1301	1307	1
1302	1303	1
1302	1304	1
1302	1305	1
1302	1306	1
1302	1307	1
1303	1304	1
1303	1305	1
1303	1306	1
1303	1307	1
1304	1305	1
1304	1306	1
1304	1307	1
1305	1306	1
1305	1307	1
1306	1307	1
1308	1309	1
1311	1312	1
1311	1313	1
1311	1314	1
1311	1315	1
1312	1313	1
1312	1314	1
1312	1315	1
1313	1314	1
1313	1315	1
1314	1315	1
1316	1317	1