1	2	2
1	3	3
1	322	2
2	3	2
2	744	2
3	744	2
3	497	2
4	5	2
6	7	2
6	8	2
7	9	2
7	8	2
7	25	2
7	28	2
7	29	2
7	26	14
7	30	4
7	32	2
7	27	30
7	44	2
7	23	3
7	33	2
7	37	2
7	142	3
7	241	2
7	278	2
7	281	2
7	284	2
7	216	3
7	48	3
7	76	10
7	285	2
7	271	2
7	273	5
7	77	2
7	262	6
7	66	8
7	95	2
7	283	8
7	52	11
7	15	3
7	298	3
7	300	4
7	302	3
7	303	4
7	301	3
7	434	2
7	304	8
7	438	2
7	439	2
7	440	4
7	420	2
7	446	4
7	105	6
7	441	2
7	422	3
7	435	3
7	436	4
7	119	5
7	442	3
7	71	7
7	437	4
7	448	2
7	17	5
7	534	2
7	421	7
7	538	2
7	537	5
7	242	3
7	311	4
7	243	2
7	103	2
7	587	2
7	590	2
7	244	13
7	588	2
7	586	2
7	395	2
7	541	2
7	107	3
7	184	2
7	759	2
7	761	3
7	209	4
7	50	18
7	763	2
7	766	2
7	474	8
7	764	2
7	58	6
7	306	3
7	765	2
7	70	7
7	462	2
7	143	5
7	400	3
7	313	2
7	108	3
7	56	2
7	803	2
7	804	2
7	120	4
7	489	10
7	808	2
7	785	7
7	814	2
7	810	2
7	830	3
7	869	2
7	390	3
7	871	2
7	79	7
7	866	3
7	177	2
7	868	2
7	865	2
7	818	4
7	170	5
7	238	2
7	317	2
7	179	2
7	936	2
7	55	2
7	11	3
7	937	2
7	150	4
7	935	2
7	629	6
7	60	3
7	946	3
7	261	5
7	51	3
7	948	3
7	151	5
7	201	3
7	186	4
7	203	5
7	86	10
7	206	3
7	546	5
7	92	3
7	973	2
7	695	2
7	671	2
7	682	3
7	59	2
7	977	2
7	744	3
7	978	2
7	975	2
7	976	2
7	979	3
7	981	2
7	49	3
7	14	2
7	332	2
7	191	2
7	987	2
7	989	2
7	684	4
7	222	2
7	991	2
7	992	2
7	690	3
7	993	2
7	752	2
7	1042	2
7	780	5
7	294	2
7	96	2
7	594	2
7	1045	2
7	1060	2
7	171	2
7	1062	2
7	1063	2
7	259	3
7	1072	2
7	74	2
7	540	2
7	149	2
7	1077	3
7	1078	3
7	1093	2
7	367	2
7	1095	2
7	826	6
7	153	2
7	507	2
7	1103	2
7	1015	2
7	219	2
7	12	3
7	544	2
7	223	2
7	832	2
7	1120	2
7	450	2
7	506	2
7	630	2
7	1177	3
7	1178	2
7	639	2
7	1216	2
7	1225	2
7	689	2
7	1102	2
7	1068	2
7	1228	2
7	543	2
7	1198	2
7	1241	2
7	1250	2
10	11	2
10	12	3
10	13	2
10	14	2
10	15	2
10	108	2
10	151	2
10	658	2
11	16	2
11	12	6
11	13	2
11	17	2
11	15	2
11	242	2
11	252	2
11	86	4
11	245	2
11	246	2
11	247	3
11	187	2
11	149	2
11	244	3
11	212	2
11	378	2
11	380	2
11	379	2
11	27	5
11	261	3
11	52	4
11	655	2
11	310	2
11	311	4
11	353	2
11	663	2
11	55	3
11	397	2
11	657	2
11	662	2
11	151	3
11	664	2
11	658	2
11	665	2
11	452	2
11	546	2
11	472	3
11	624	2
11	272	3
11	143	3
11	591	2
11	76	2
11	696	2
11	179	2
11	869	2
11	26	2
11	79	2
11	542	2
11	1224	2
11	1223	2
12	16	3
12	13	4
12	17	2
12	15	3
12	86	9
12	167	2
12	168	2
12	170	2
12	52	3
12	388	2
12	395	3
12	179	3
12	390	2
12	391	2
12	48	3
12	27	12
12	392	2
12	397	2
12	50	7
12	244	7
12	394	3
12	153	3
12	540	2
12	202	3
12	542	2
12	203	5
12	452	4
12	26	3
12	55	4
12	510	2
12	206	4
12	543	3
12	489	2
12	544	2
12	556	2
12	545	2
12	546	3
12	547	2
12	223	2
12	655	2
12	663	2
12	187	2
12	379	2
12	666	2
12	261	3
12	151	2
12	658	2
12	565	3
12	209	3
12	509	2
12	212	3
12	618	2
12	732	2
12	143	3
12	145	2
12	450	2
12	891	2
12	885	2
12	886	2
12	887	2
12	66	2
12	95	2
12	888	2
12	889	2
12	142	2
12	29	3
12	895	2
12	317	2
12	242	2
12	614	2
12	218	2
12	1041	2
12	79	2
12	219	3
12	474	2
12	304	2
12	74	2
12	1159	2
12	271	2
12	1246	2
13	16	2
13	15	3
13	143	2
13	413	2
13	312	3
13	146	2
13	452	3
13	378	2
13	470	2
13	310	2
13	86	3
13	55	2
13	656	2
13	658	2
13	27	3
13	26	2
13	48	2
14	16	3
14	17	2
14	142	2
14	242	2
14	701	2
14	55	2
14	790	2
14	566	3
14	682	2
14	560	2
14	27	2
14	759	2
14	179	2
14	311	3
14	312	2
14	26	2
14	832	2
14	49	2
14	151	3
14	153	2
14	452	2
14	1023	2
15	16	2
15	18	2
15	17	3
15	142	3
15	241	3
15	275	2
15	26	5
15	48	4
15	27	6
15	277	2
15	66	2
15	283	2
15	274	2
15	52	3
15	655	2
15	310	3
15	413	2
15	86	4
15	247	2
15	391	2
15	55	2
15	187	2
15	379	4
15	656	2
15	261	2
15	151	5
15	658	3
15	785	2
15	537	2
15	615	2
15	50	2
15	696	2
15	317	2
15	259	3
15	263	4
15	986	2
15	533	3
15	313	2
15	868	2
15	78	3
15	244	2
15	242	2
15	614	2
15	1047	2
15	1041	2
15	452	2
15	79	2
15	566	3
15	212	2
15	1128	2
15	152	2
15	1129	2
15	202	3
15	683	2
15	1130	2
15	319	2
15	347	2
15	1131	2
15	1112	2
15	1132	2
16	17	2
16	74	2
16	79	3
16	80	2
16	76	2
16	77	2
16	75	2
16	143	3
16	466	2
16	312	4
16	243	3
16	464	2
16	452	4
16	467	2
16	469	2
16	470	2
16	271	2
16	329	2
16	370	2
16	473	2
16	475	2
16	60	2
16	565	2
16	346	2
16	55	3
16	566	3
16	27	4
16	543	3
16	151	5
16	614	2
16	321	2
16	615	2
16	314	2
16	606	2
16	142	2
16	311	2
16	26	2
16	832	2
16	759	2
16	52	2
16	242	2
16	86	3
16	1033	2
16	791	2
16	30	2
16	594	3
16	790	3
17	200	3
17	152	3
17	153	4
17	202	2
17	203	2
17	86	5
17	204	2
17	55	3
17	216	2
17	206	4
17	27	10
17	217	3
17	209	2
17	226	2
17	49	2
17	50	5
17	210	2
17	223	3
17	52	9
17	231	2
17	150	3
17	66	3
17	97	2
17	346	2
17	535	2
17	534	3
17	421	3
17	538	2
17	537	3
17	552	2
17	452	3
17	110	2
17	553	4
17	541	2
17	543	2
17	489	4
17	554	2
17	559	2
17	493	2
17	555	2
17	244	4
17	549	2
17	565	2
17	310	3
17	304	4
17	312	2
17	76	4
17	151	5
17	186	2
17	631	2
17	175	2
17	625	3
17	626	2
17	646	3
17	117	3
17	629	2
17	283	2
17	258	2
17	630	2
17	242	2
17	655	2
17	742	2
17	520	2
17	744	2
17	320	3
17	599	2
17	745	2
17	309	2
17	311	2
17	591	2
17	30	2
17	682	4
17	779	2
17	143	2
17	780	3
17	521	3
17	98	2
17	261	3
17	785	3
17	331	2
17	614	2
17	112	2
17	104	2
17	47	2
17	298	2
17	79	2
17	826	2
17	71	3
17	868	2
19	20	2
21	22	2
21	23	3
21	24	2
21	874	2
22	30	2
22	27	2
22	23	2
22	669	2
22	55	2
22	185	2
22	184	2
22	745	2
22	715	3
22	331	2
22	1068	2
23	29	3
23	26	3
23	30	2
23	27	4
23	24	2
23	142	2
23	312	2
23	246	2
23	146	2
23	321	2
23	322	2
23	323	2
23	331	2
23	313	2
23	314	4
23	329	2
23	325	2
23	50	2
23	316	2
23	335	2
23	66	3
23	296	2
23	317	2
23	60	2
23	452	3
23	413	2
23	460	2
23	464	2
23	467	2
23	471	3
23	592	2
23	604	2
23	170	2
23	244	3
23	390	2
23	273	2
23	58	2
23	105	2
23	874	2
23	875	2
23	1000	2
23	1039	2
23	1090	2
23	599	2
23	752	2
23	715	2
23	1137	2
25	26	2
25	27	2
26	28	2
26	29	6
26	31	2
26	30	4
26	32	2
26	27	23
26	33	2
26	47	5
26	54	2
26	55	6
26	48	11
26	56	2
26	49	2
26	50	12
26	57	2
26	51	2
26	58	4
26	52	7
26	59	2
26	60	3
26	173	2
26	176	2
26	174	2
26	69	2
26	71	5
26	236	2
26	77	3
26	237	2
26	66	2
26	238	3
26	142	5
26	284	2
26	76	5
26	285	3
26	273	4
26	262	4
26	283	5
26	388	2
26	153	2
26	202	5
26	542	2
26	259	5
26	203	4
26	86	10
26	390	4
26	452	5
26	541	4
26	206	2
26	543	3
26	551	3
26	392	2
26	489	4
26	168	2
26	556	2
26	557	2
26	546	4
26	244	11
26	558	2
26	549	3
26	394	2
26	565	4
26	685	2
26	683	3
26	191	3
26	686	2
26	209	2
26	684	2
26	211	2
26	212	2
26	395	2
26	100	2
26	107	3
26	184	2
26	759	4
26	760	2
26	761	3
26	763	2
26	474	3
26	764	2
26	306	2
26	765	2
26	70	4
26	179	3
26	831	2
26	311	4
26	312	4
26	806	2
26	833	2
26	843	2
26	260	4
26	293	2
26	150	3
26	842	2
26	825	2
26	850	2
26	851	2
26	852	2
26	853	2
26	467	2
26	854	3
26	855	3
26	471	2
26	170	3
26	234	2
26	859	2
26	869	2
26	79	6
26	866	3
26	313	2
26	177	2
26	572	2
26	868	2
26	818	2
26	105	2
26	300	4
26	317	2
26	937	2
26	938	2
26	629	2
26	120	2
26	155	2
26	533	3
26	658	3
26	242	2
26	614	3
26	1041	2
26	790	2
26	566	4
26	1050	2
26	151	2
26	1060	2
26	996	2
26	92	2
26	1062	2
26	119	2
26	1072	2
26	74	3
26	247	3
26	507	2
26	1015	2
26	946	2
26	147	2
26	1128	2
26	152	2
26	1129	2
26	310	2
26	263	2
26	1130	2
26	347	3
26	78	2
26	1131	2
26	1112	2
26	1132	2
26	298	2
26	440	3
26	506	2
26	128	2
26	1143	2
26	434	2
26	437	2
26	1171	2
26	639	2
26	1068	2
27	29	9
27	31	2
27	30	9
27	38	2
27	39	2
27	32	2
27	40	2
27	43	2
27	44	2
27	41	3
27	37	2
27	42	2
27	47	7
27	54	2
27	55	12
27	62	4
27	48	12
27	63	2
27	56	3
27	64	3
27	49	3
27	50	36
27	51	3
27	58	5
27	52	23
27	60	6
27	116	3
27	92	3
27	117	3
27	118	3
27	68	3
27	119	5
27	120	3
27	121	2
27	122	2
27	123	2
27	124	2
27	125	2
27	126	2
27	127	3
27	128	3
27	129	2
27	130	2
27	131	2
27	200	4
27	152	4
27	201	4
27	153	7
27	202	5
27	203	10
27	86	32
27	204	2
27	218	5
27	219	7
27	225	2
27	205	2
27	216	4
27	228	2
27	206	15
27	220	2
27	214	2
27	217	4
27	209	7
27	229	2
27	222	4
27	226	2
27	210	2
27	169	2
27	211	2
27	223	5
27	90	2
27	212	9
27	142	12
27	259	8
27	263	3
27	260	6
27	261	7
27	267	2
27	268	2
27	262	8
27	66	9
27	269	2
27	241	3
27	275	2
27	279	2
27	281	4
27	284	2
27	276	2
27	277	3
27	76	15
27	285	4
27	271	6
27	272	3
27	273	3
27	77	2
27	282	2
27	95	2
27	286	2
27	283	8
27	287	2
27	274	2
27	288	2
27	289	2
27	188	2
27	298	4
27	300	5
27	302	2
27	303	3
27	258	2
27	301	5
27	242	9
27	362	2
27	353	2
27	355	3
27	365	2
27	367	3
27	107	4
27	108	3
27	358	2
27	109	2
27	314	3
27	368	2
27	104	6
27	360	3
27	361	2
27	96	3
27	371	2
27	372	3
27	378	2
27	379	4
27	381	3
27	382	3
27	233	5
27	383	2
27	384	2
27	385	2
27	386	2
27	387	2
27	388	4
27	395	7
27	179	5
27	389	2
27	400	2
27	401	2
27	390	6
27	396	2
27	391	3
27	402	2
27	399	3
27	403	2
27	392	5
27	404	2
27	397	2
27	244	36
27	393	2
27	394	5
27	413	3
27	304	15
27	426	2
27	427	2
27	431	2
27	432	2
27	428	2
27	417	2
27	418	2
27	419	2
27	429	2
27	420	2
27	430	2
27	433	2
27	421	5
27	306	5
27	422	3
27	414	2
27	415	3
27	425	2
27	487	2
27	488	2
27	176	2
27	491	2
27	311	6
27	489	13
27	492	2
27	493	3
27	494	2
27	506	2
27	510	3
27	191	4
27	507	2
27	509	4
27	514	2
27	511	2
27	512	3
27	515	2
27	508	2
27	346	3
27	533	5
27	535	2
27	536	2
27	534	4
27	537	5
27	539	3
27	540	4
27	550	3
27	542	5
27	552	2
27	452	12
27	553	4
27	541	5
27	543	7
27	551	3
27	544	2
27	168	2
27	554	2
27	559	2
27	545	2
27	546	12
27	555	2
27	547	3
27	549	5
27	562	3
27	560	2
27	563	2
27	561	2
27	565	9
27	569	2
27	310	4
27	312	5
27	571	2
27	566	5
27	572	2
27	151	6
27	570	3
27	243	5
27	339	2
27	103	4
27	587	3
27	588	2
27	586	2
27	71	5
27	624	2
27	186	5
27	631	2
27	638	3
27	625	3
27	641	2
27	639	3
27	626	3
27	231	3
27	642	2
27	182	2
27	627	2
27	250	2
27	628	2
27	580	4
27	645	2
27	629	7
27	685	2
27	686	3
27	684	4
27	687	2
27	449	3
27	74	7
27	701	3
27	702	2
27	703	2
27	704	2
27	705	2
27	715	2
27	184	2
27	706	2
27	293	2
27	707	2
27	708	2
27	709	2
27	710	2
27	660	2
27	711	2
27	712	2
27	713	2
27	294	5
27	690	2
27	714	2
27	719	3
27	716	2
27	722	2
27	721	3
27	734	3
27	738	2
27	143	11
27	755	2
27	730	2
27	758	2
27	756	2
27	100	2
27	762	2
27	759	7
27	760	3
27	761	3
27	766	2
27	474	7
27	764	2
27	765	2
27	70	9
27	309	3
27	773	2
27	778	2
27	591	2
27	774	2
27	775	2
27	682	6
27	148	3
27	450	3
27	187	2
27	795	2
27	790	3
27	791	3
27	313	5
27	177	3
27	149	3
27	518	2
27	794	2
27	317	6
27	147	3
27	829	2
27	830	2
27	850	2
27	851	2
27	852	2
27	858	2
27	853	2
27	467	2
27	854	3
27	855	3
27	471	2
27	849	2
27	170	4
27	234	2
27	859	2
27	869	3
27	871	2
27	79	14
27	866	4
27	868	7
27	865	2
27	818	3
27	105	4
27	867	2
27	872	2
27	891	2
27	295	2
27	833	2
27	670	3
27	896	2
27	909	4
27	908	2
27	782	2
27	933	2
27	937	4
27	938	2
27	150	5
27	723	2
27	946	3
27	615	2
27	948	3
27	696	2
27	954	2
27	950	3
27	434	2
27	955	2
27	956	2
27	957	2
27	958	2
27	959	2
27	960	2
27	961	2
27	953	2
27	848	2
27	951	3
27	962	2
27	963	2
27	695	3
27	964	2
27	671	3
27	965	2
27	966	2
27	967	2
27	968	2
27	969	2
27	970	2
27	979	3
27	985	3
27	986	2
27	679	2
27	987	4
27	808	3
27	988	2
27	78	2
27	990	2
27	332	2
27	155	3
27	989	3
27	996	4
27	997	2
27	998	2
27	999	2
27	1017	2
27	1018	2
27	1033	2
27	347	3
27	480	2
27	606	2
27	75	2
27	594	3
27	658	3
27	1040	2
27	1041	3
27	1042	2
27	780	4
27	446	2
27	436	2
27	614	4
27	1048	2
27	1052	2
27	1053	2
27	1050	2
27	1051	2
27	1049	2
27	1054	2
27	726	2
27	83	2
27	1058	2
27	1059	2
27	171	2
27	1062	2
27	1076	2
27	1077	2
27	521	2
27	94	3
27	785	2
27	1078	3
27	482	2
27	1081	2
27	1082	2
27	1084	2
27	1083	2
27	1094	2
27	1095	2
27	826	3
27	1103	2
27	1106	2
27	1107	2
27	839	2
27	1113	2
27	1115	3
27	1116	2
27	1117	2
27	1122	2
27	440	3
27	73	2
27	1165	2
27	1166	2
27	1169	2
27	437	4
27	1170	2
27	1171	2
27	472	2
27	1198	2
27	161	2
27	1068	2
27	698	2
27	1217	2
27	1221	2
27	1222	2
27	1220	2
27	1224	2
27	1223	2
27	832	2
28	29	2
29	30	3
29	850	2
29	851	2
29	852	2
29	853	2
29	452	3
29	467	2
29	854	2
29	855	2
29	48	4
29	759	2
29	471	2
29	244	8
29	142	2
29	50	2
29	317	2
29	103	2
29	203	2
29	86	5
29	218	2
29	1052	2
29	219	2
29	566	2
29	1050	2
29	543	2
29	212	3
29	1094	2
29	1158	2
29	52	2
30	34	2
30	36	2
30	33	2
30	37	2
30	35	2
30	86	8
30	91	2
30	87	2
30	88	2
30	102	3
30	185	2
30	189	2
30	198	2
30	193	2
30	187	3
30	182	2
30	79	3
30	191	2
30	183	2
30	192	2
30	449	2
30	450	2
30	452	6
30	455	2
30	142	3
30	309	2
30	242	5
30	773	2
30	631	3
30	625	2
30	591	2
30	626	2
30	774	2
30	682	2
30	148	3
30	244	5
30	274	2
30	55	2
30	790	2
30	791	3
30	566	2
30	313	2
30	177	2
30	759	3
30	317	2
30	860	2
30	864	2
30	863	2
30	120	2
30	1027	2
30	1028	2
30	258	2
30	565	2
30	1033	2
30	331	2
30	271	2
30	151	2
30	218	2
30	1052	2
30	219	2
30	543	2
30	212	2
30	153	2
30	1085	2
30	1086	2
30	474	2
30	52	2
34	35	2
40	41	2
40	42	2
41	42	2
41	52	2
45	46	2
47	48	2
47	49	5
47	50	6
47	51	2
47	52	7
47	152	2
47	153	2
47	76	2
47	150	2
47	86	4
47	244	3
47	817	2
47	489	3
47	440	2
47	818	2
47	68	2
47	819	2
47	820	2
47	565	2
47	580	2
47	104	2
47	566	2
47	128	2
47	1142	2
47	310	2
47	108	2
47	71	3
47	1184	2
47	1186	2
47	122	2
47	303	2
47	347	2
47	178	2
48	55	3
48	62	2
48	49	2
48	50	6
48	57	2
48	52	4
48	59	2
48	60	2
48	236	2
48	77	2
48	237	2
48	66	3
48	142	3
48	76	3
48	285	2
48	271	2
48	179	2
48	398	2
48	244	5
48	565	2
48	685	2
48	202	4
48	683	2
48	86	5
48	191	2
48	206	3
48	850	2
48	851	2
48	852	2
48	853	2
48	452	4
48	467	2
48	854	2
48	855	2
48	471	2
48	170	2
48	381	2
48	300	2
48	143	3
48	79	2
48	347	3
48	151	2
48	259	3
48	533	3
48	658	3
48	614	2
48	74	2
48	312	2
48	147	2
48	549	3
48	1128	2
48	152	2
48	1129	2
48	310	2
48	263	3
48	566	2
48	1130	2
48	78	2
48	1131	2
48	1112	2
48	1132	2
48	437	2
49	55	2
49	56	2
49	64	2
49	50	5
49	51	2
49	52	3
49	152	2
49	202	2
49	86	2
49	204	2
49	219	2
49	211	2
49	817	2
49	474	2
49	818	2
49	826	2
49	820	2
49	151	2
49	105	2
49	749	2
49	1120	2
49	398	2
49	122	3
50	54	2
50	55	4
50	62	4
50	63	3
50	56	2
50	64	2
50	51	4
50	58	8
50	65	2
50	52	11
50	60	4
50	200	4
50	201	3
50	153	4
50	202	6
50	203	7
50	86	16
50	218	2
50	219	2
50	216	2
50	224	2
50	206	14
50	220	2
50	221	2
50	217	2
50	230	2
50	209	6
50	229	2
50	222	3
50	210	2
50	169	4
50	211	2
50	223	4
50	212	2
50	142	6
50	259	5
50	263	2
50	260	4
50	261	7
50	267	2
50	268	2
50	262	7
50	66	11
50	242	2
50	145	2
50	311	3
50	312	3
50	332	2
50	249	2
50	313	6
50	314	3
50	336	2
50	320	2
50	317	4
50	388	3
50	395	6
50	179	2
50	400	2
50	390	4
50	396	2
50	391	2
50	402	2
50	399	2
50	392	3
50	404	2
50	398	2
50	244	15
50	393	2
50	394	3
50	372	3
50	409	3
50	98	3
50	411	2
50	410	3
50	540	7
50	550	2
50	542	2
50	452	2
50	553	2
50	541	4
50	543	2
50	551	2
50	489	9
50	544	3
50	545	2
50	546	6
50	493	2
50	547	3
50	549	2
50	565	5
50	191	2
50	686	2
50	76	9
50	285	3
50	509	2
50	684	5
50	734	3
50	735	2
50	738	3
50	562	2
50	107	2
50	184	2
50	759	4
50	760	6
50	761	3
50	766	2
50	474	9
50	421	4
50	306	2
50	70	7
50	143	8
50	354	2
50	780	4
50	521	2
50	781	2
50	782	2
50	783	2
50	122	2
50	495	2
50	808	3
50	105	6
50	68	3
50	721	2
50	785	4
50	809	2
50	810	2
50	279	2
50	821	2
50	822	2
50	825	2
50	440	3
50	818	2
50	826	6
50	839	2
50	841	2
50	840	2
50	844	2
50	832	3
50	833	3
50	846	2
50	843	2
50	847	2
50	293	2
50	848	2
50	689	3
50	150	2
50	413	3
50	79	9
50	866	3
50	177	2
50	572	2
50	868	5
50	873	2
50	273	4
50	865	2
50	170	4
50	300	3
50	872	2
50	670	2
50	379	2
50	948	3
50	537	3
50	151	3
50	696	4
50	949	2
50	982	2
50	984	3
50	128	2
50	71	5
50	985	2
50	987	3
50	989	2
50	991	2
50	283	3
50	752	2
50	994	2
50	149	3
50	492	2
50	995	2
50	996	3
50	956	2
50	998	2
50	534	2
50	695	2
50	999	2
50	671	2
50	966	2
50	1017	2
50	629	6
50	1018	2
50	1019	2
50	171	3
50	108	4
50	1063	2
50	119	2
50	304	7
50	1077	4
50	94	2
50	1078	2
50	482	2
50	167	2
50	156	3
50	725	2
50	658	2
50	298	3
50	1087	2
50	186	4
50	1094	2
50	1095	2
50	580	2
50	1134	2
50	161	3
50	1124	2
50	1156	3
50	73	2
50	74	2
50	103	2
50	271	2
50	353	3
50	104	2
50	1170	2
50	1172	2
50	303	2
50	437	2
50	512	2
50	910	2
50	698	2
50	719	3
50	1242	2
50	251	2
50	1243	2
50	1244	2
50	1245	2
50	1250	2
51	946	2
51	489	2
51	209	2
52	53	2
52	55	4
52	61	2
52	63	2
52	56	3
52	57	2
52	59	3
52	60	5
52	86	8
52	168	2
52	169	2
52	200	3
52	153	4
52	202	3
52	203	2
52	204	2
52	219	2
52	216	3
52	224	2
52	206	3
52	217	2
52	226	3
52	223	2
52	212	2
52	236	2
52	77	5
52	237	2
52	66	7
52	239	2
52	71	7
52	240	2
52	142	3
52	259	2
52	266	2
52	260	3
52	270	2
52	261	4
52	267	2
52	262	6
52	269	2
52	241	3
52	278	2
52	275	2
52	279	2
52	281	2
52	284	2
52	290	2
52	76	7
52	271	2
52	95	2
52	280	2
52	283	4
52	233	2
52	434	3
52	304	7
52	438	2
52	439	2
52	109	2
52	444	2
52	440	4
52	420	2
52	445	3
52	441	2
52	307	2
52	435	2
52	436	4
52	303	3
52	442	2
52	447	2
52	437	4
52	488	2
52	311	4
52	489	4
52	492	3
52	495	2
52	79	5
52	521	3
52	524	2
52	117	4
52	527	2
52	518	2
52	320	3
52	186	3
52	367	2
52	580	2
52	640	2
52	646	3
52	647	2
52	629	4
52	723	2
52	724	2
52	734	4
52	735	2
52	738	2
52	244	8
52	504	2
52	784	2
52	785	2
52	151	4
52	455	2
52	787	2
52	786	2
52	788	2
52	143	4
52	400	2
52	755	2
52	313	2
52	108	3
52	805	2
52	803	2
52	804	2
52	120	3
52	179	4
52	834	2
52	831	2
52	312	2
52	701	2
52	844	2
52	832	2
52	759	2
52	760	2
52	150	7
52	905	2
52	298	4
52	546	3
52	104	4
52	913	2
52	614	3
52	731	2
52	310	2
52	452	5
52	112	2
52	928	2
52	696	2
52	936	2
52	935	2
52	942	2
52	472	2
52	995	2
52	1039	2
52	128	2
52	565	2
52	1054	2
52	726	2
52	1025	2
52	758	2
52	294	3
52	390	2
52	1104	2
52	474	2
52	765	2
52	70	2
52	1103	2
52	73	2
52	1160	2
52	826	3
52	126	2
52	682	2
52	1164	2
52	794	2
52	1177	2
52	534	2
52	819	2
52	719	2
52	987	2
52	1187	2
52	1228	2
52	698	2
55	60	5
55	200	3
55	152	2
55	153	3
55	202	3
55	203	2
55	86	7
55	219	2
55	228	2
55	206	5
55	217	2
55	209	2
55	210	2
55	211	2
55	223	2
55	212	5
55	242	4
55	351	2
55	352	2
55	106	2
55	353	3
55	354	2
55	355	2
55	357	2
55	107	2
55	108	3
55	358	2
55	359	2
55	361	2
55	96	2
55	540	2
55	259	2
55	552	2
55	452	6
55	553	2
55	541	2
55	543	5
55	489	4
55	168	2
55	554	2
55	556	3
55	557	2
55	555	2
55	244	4
55	558	2
55	549	2
55	565	5
55	506	2
55	346	2
55	310	2
55	568	2
55	304	2
55	312	2
55	566	3
55	572	2
55	76	4
55	573	2
55	151	5
55	311	3
55	247	2
55	187	2
55	600	2
55	659	2
55	397	2
55	662	2
55	660	3
55	478	2
55	661	2
55	672	2
55	449	2
55	74	2
55	701	2
55	702	2
55	703	2
55	704	2
55	705	2
55	715	2
55	706	2
55	707	2
55	708	2
55	116	2
55	709	2
55	710	2
55	711	2
55	712	2
55	713	2
55	294	3
55	714	2
55	716	2
55	560	2
55	792	2
55	795	2
55	790	2
55	791	2
55	148	2
55	313	2
55	587	2
55	179	2
55	937	2
55	79	2
55	269	2
55	455	2
55	143	4
55	464	2
55	347	2
55	594	2
55	77	3
55	451	2
55	1145	2
55	895	2
55	80	2
55	637	2
55	164	2
56	462	2
56	108	2
56	1022	2
56	105	2
56	234	2
57	59	2
58	62	2
58	395	2
58	541	2
58	107	2
58	759	2
58	474	4
58	262	2
58	70	2
58	489	2
58	105	3
58	785	2
58	79	2
58	873	2
58	273	3
58	170	2
58	244	3
58	992	2
58	283	2
58	540	2
58	169	2
58	629	2
58	725	2
58	314	2
59	61	2
59	71	2
60	86	2
60	142	2
60	242	2
60	311	3
60	312	3
60	146	2
60	323	2
60	332	2
60	314	2
60	329	2
60	325	2
60	362	2
60	107	2
60	108	2
60	217	2
60	104	2
60	369	2
60	370	2
60	96	3
60	458	2
60	143	3
60	474	2
60	175	2
60	179	2
60	701	2
60	734	2
60	150	2
60	298	2
60	76	3
60	436	2
60	304	2
60	937	2
60	629	2
60	244	2
60	489	2
60	294	2
61	151	2
62	142	2
63	64	2
63	206	2
63	679	2
63	313	2
66	67	2
66	68	2
66	69	2
66	70	2
66	71	4
66	92	3
66	98	5
66	93	2
66	94	2
66	95	5
66	96	3
66	97	2
66	99	2
66	231	2
66	232	2
66	233	2
66	234	3
66	236	2
66	77	2
66	237	2
66	142	4
66	259	2
66	263	2
66	261	4
66	268	2
66	262	5
66	290	2
66	76	3
66	271	2
66	272	2
66	309	2
66	242	3
66	145	3
66	311	3
66	246	2
66	321	2
66	322	2
66	323	2
66	249	2
66	331	4
66	313	2
66	314	2
66	315	2
66	316	2
66	337	2
66	320	2
66	334	3
66	317	2
66	153	2
66	206	3
66	373	2
66	409	2
66	411	2
66	376	2
66	79	3
66	479	2
66	482	2
66	483	2
66	122	2
66	484	2
66	367	2
66	580	2
66	583	2
66	606	2
66	604	2
66	607	2
66	605	3
66	608	2
66	609	3
66	610	2
66	132	3
66	611	2
66	612	2
66	613	2
66	143	6
66	689	2
66	690	2
66	449	2
66	74	2
66	86	4
66	450	4
66	682	2
66	177	2
66	149	3
66	759	2
66	798	2
66	660	2
66	794	2
66	880	2
66	446	3
66	179	2
66	885	2
66	886	2
66	887	2
66	894	2
66	294	3
66	888	2
66	295	2
66	889	2
66	977	2
66	785	2
66	151	3
66	994	2
66	738	2
66	995	2
66	830	2
66	445	2
66	1023	2
66	599	2
66	752	2
66	251	3
66	304	2
66	780	3
66	244	3
66	127	2
66	719	3
66	540	3
66	1242	2
66	629	2
66	1156	2
66	1243	2
66	1244	2
66	1245	2
66	1250	2
67	70	2
68	104	4
68	105	2
68	92	2
68	132	2
68	136	2
68	137	2
68	126	2
68	128	2
68	489	2
68	440	2
68	314	2
68	445	2
69	71	4
69	173	2
69	174	2
69	108	2
69	320	2
70	71	3
70	541	2
70	107	2
70	209	2
70	474	3
70	262	2
70	306	2
70	765	2
70	436	2
70	142	2
70	390	2
70	871	2
70	79	2
70	76	4
70	244	4
70	872	2
70	317	2
70	86	2
70	150	2
70	780	2
70	1198	3
71	72	2
71	102	2
71	77	4
71	240	2
71	304	3
71	262	2
71	105	3
71	422	3
71	307	2
71	119	2
71	303	2
71	442	2
71	447	2
71	310	2
71	339	3
71	76	4
71	320	3
71	244	3
71	143	2
71	314	2
71	593	2
71	295	2
71	595	2
71	599	2
71	689	2
71	983	2
71	993	2
71	122	2
71	696	2
71	1061	2
71	79	2
71	171	2
71	108	3
71	293	2
71	629	2
71	298	4
71	646	2
71	117	2
71	261	3
71	485	2
71	1155	2
71	719	2
71	1177	2
71	400	2
71	421	2
71	826	2
71	151	2
71	534	2
71	987	2
73	74	2
73	75	2
74	76	5
74	77	2
74	78	2
74	75	2
74	142	4
74	152	2
74	143	5
74	147	2
74	148	2
74	162	2
74	149	2
74	163	2
74	151	3
74	614	3
74	259	4
74	312	4
74	243	2
74	618	2
74	616	3
74	314	2
74	329	2
74	92	2
74	93	2
74	619	2
74	449	3
74	565	2
74	701	2
74	702	2
74	703	2
74	704	2
74	705	2
74	706	2
74	707	2
74	708	2
74	116	2
74	709	2
74	710	2
74	660	2
74	711	2
74	712	2
74	713	2
74	714	2
74	310	2
74	566	3
74	244	4
74	86	4
74	450	2
74	682	2
74	533	2
74	272	2
74	794	2
74	271	3
74	472	2
74	269	2
74	832	2
74	247	2
74	261	2
74	1106	2
74	775	2
74	209	2
75	79	2
75	86	2
75	271	2
75	480	2
76	79	5
76	77	5
76	142	4
76	152	2
76	143	8
76	160	2
76	144	2
76	164	2
76	148	2
76	162	2
76	165	2
76	150	2
76	156	2
76	157	2
76	151	4
76	161	4
76	241	2
76	278	2
76	275	2
76	281	2
76	216	2
76	276	3
76	285	3
76	271	2
76	273	2
76	262	3
76	283	2
76	200	2
76	565	4
76	310	4
76	304	4
76	312	3
76	566	2
76	541	2
76	572	2
76	489	4
76	549	3
76	311	3
76	243	2
76	339	2
76	587	2
76	320	3
76	244	10
76	591	2
76	452	3
76	314	2
76	593	2
76	295	2
76	594	2
76	595	2
76	372	2
76	86	4
76	206	5
76	684	3
76	212	2
76	734	2
76	736	2
76	267	2
76	737	2
76	755	2
76	758	2
76	756	2
76	354	2
76	780	5
76	782	2
76	122	2
76	799	2
76	313	4
76	251	2
76	178	3
76	801	2
76	260	3
76	803	2
76	120	2
76	777	2
76	829	2
76	869	2
76	871	2
76	868	2
76	517	2
76	818	2
76	105	2
76	872	2
76	298	2
76	546	2
76	646	2
76	436	3
76	696	3
76	269	2
76	96	2
76	985	2
76	446	2
76	1044	2
76	1045	2
76	1070	2
76	367	2
76	826	2
77	236	2
77	237	2
77	271	2
77	262	2
77	143	2
77	96	2
77	696	3
77	594	2
78	259	3
78	86	2
78	263	3
78	533	3
78	1128	2
78	152	2
78	1129	2
78	202	2
78	310	2
78	566	2
78	1130	2
78	347	2
78	1131	2
78	658	2
78	1112	2
78	1132	2
79	179	2
79	185	2
79	186	2
79	86	8
79	187	2
79	191	2
79	184	2
79	354	2
79	479	2
79	478	2
79	480	2
79	481	2
79	338	2
79	516	2
79	517	2
79	518	2
79	320	2
79	142	3
79	413	2
79	869	3
79	870	2
79	390	2
79	871	2
79	866	2
79	177	2
79	107	2
79	868	3
79	273	3
79	170	2
79	105	2
79	244	6
79	317	2
79	311	2
79	304	3
79	938	2
79	150	3
79	629	2
79	203	3
79	489	5
79	987	3
79	546	2
79	989	3
79	222	2
79	474	2
79	262	2
79	283	2
79	565	2
79	143	2
79	452	3
79	1033	2
79	791	2
79	331	3
79	206	3
79	606	3
79	151	3
79	218	2
79	615	2
79	219	3
79	759	2
79	212	4
79	394	2
79	171	2
79	108	2
79	948	2
79	281	2
79	1070	2
79	540	2
79	176	2
79	1122	2
79	298	2
79	98	2
79	1181	2
79	683	2
79	1077	2
80	452	2
81	82	2
83	84	2
83	85	2
84	85	2
86	87	2
86	88	2
86	89	2
86	90	3
86	167	2
86	168	2
86	169	2
86	170	2
86	185	2
86	186	4
86	188	2
86	189	2
86	187	6
86	182	3
86	190	2
86	191	5
86	184	2
86	192	3
86	200	4
86	152	2
86	201	4
86	153	6
86	202	5
86	203	10
86	218	5
86	219	4
86	205	2
86	224	2
86	206	10
86	220	2
86	214	2
86	217	3
86	209	4
86	222	3
86	226	2
86	210	2
86	211	2
86	223	4
86	212	7
86	242	8
86	245	2
86	246	2
86	243	3
86	247	2
86	249	2
86	149	4
86	244	17
86	395	4
86	281	2
86	510	2
86	507	3
86	392	2
86	509	4
86	511	2
86	512	2
86	283	3
86	513	2
86	301	3
86	142	6
86	531	3
86	413	3
86	312	4
86	148	4
86	414	2
86	388	2
86	548	2
86	539	2
86	540	2
86	550	2
86	542	3
86	259	4
86	390	2
86	452	6
86	553	3
86	541	2
86	543	4
86	489	8
86	544	2
86	556	2
86	545	2
86	546	6
86	493	2
86	547	3
86	549	2
86	394	3
86	310	2
86	311	2
86	391	2
86	379	3
86	108	2
86	659	2
86	656	2
86	660	2
86	261	5
86	661	2
86	151	5
86	658	2
86	565	4
86	685	2
86	683	3
86	285	2
86	684	2
86	726	2
86	474	7
86	309	3
86	773	2
86	631	2
86	591	2
86	626	2
86	774	2
86	775	2
86	682	3
86	274	2
86	449	2
86	638	2
86	450	2
86	789	2
86	790	3
86	791	3
86	566	3
86	533	3
86	313	3
86	177	2
86	759	5
86	587	2
86	518	2
86	317	2
86	821	2
86	822	2
86	440	4
86	818	2
86	823	2
86	819	2
86	824	2
86	304	5
86	909	3
86	908	2
86	434	2
86	103	2
86	670	2
86	953	2
86	534	2
86	695	2
86	143	4
86	985	2
86	263	2
86	986	2
86	868	3
86	987	4
86	760	2
86	332	2
86	155	2
86	989	2
86	262	3
86	1033	2
86	347	3
86	271	3
86	480	2
86	594	3
86	455	2
86	1040	2
86	946	2
86	1041	3
86	937	2
86	780	2
86	436	2
86	614	2
86	1047	2
86	615	2
86	1052	2
86	1053	2
86	1050	2
86	1058	2
86	1059	2
86	641	3
86	866	2
86	147	3
86	482	2
86	150	3
86	1085	2
86	298	2
86	1094	2
86	1158	2
86	437	2
86	344	2
86	1220	2
86	1224	2
86	318	2
86	1240	2
86	119	2
87	88	2
90	152	2
90	213	2
90	218	2
90	214	2
90	215	2
91	648	2
91	331	2
91	635	2
91	649	2
91	650	2
91	651	2
91	102	2
91	768	2
91	242	2
91	452	2
92	93	2
92	94	2
92	95	2
92	96	2
92	97	2
92	117	2
92	132	2
92	119	2
92	122	2
92	234	2
92	259	2
92	321	2
92	314	2
92	246	2
92	108	2
92	489	2
92	105	2
92	244	2
92	1060	2
92	794	2
93	96	2
93	312	3
93	321	2
93	314	3
93	329	2
93	330	2
93	143	2
93	616	2
94	95	2
94	96	2
94	97	3
94	233	2
94	171	2
94	629	2
94	931	2
94	244	3
94	1078	2
94	1089	2
94	105	2
95	96	3
95	97	2
95	231	2
95	179	2
95	145	2
95	450	2
95	885	2
95	886	2
95	887	2
95	888	2
95	889	2
96	97	2
96	231	2
96	314	2
96	360	2
96	369	2
96	179	2
96	143	3
96	294	2
96	295	2
96	890	2
96	818	2
97	98	2
98	206	3
98	409	3
98	411	2
98	410	2
98	143	3
100	101	2
100	143	2
100	688	2
100	759	2
100	313	2
100	274	2
100	451	2
100	103	2
100	1036	2
100	1234	2
102	103	2
102	104	2
102	105	2
102	175	2
102	182	2
102	183	2
102	184	2
102	242	2
102	339	2
102	331	2
102	768	2
102	458	2
103	108	3
103	105	2
103	242	2
103	320	2
103	244	4
103	588	2
103	304	2
103	143	3
103	1037	2
103	312	2
103	169	2
104	106	2
104	107	2
104	108	3
104	109	2
104	112	2
104	242	2
104	362	2
104	353	2
104	355	2
104	314	2
104	298	2
104	565	2
104	304	2
104	726	2
104	580	2
105	107	2
105	108	4
105	109	2
105	434	2
105	304	2
105	445	2
105	262	2
105	422	2
105	435	2
105	119	2
105	442	2
105	489	4
105	811	3
105	812	2
105	813	2
105	390	2
105	866	2
105	572	2
105	273	3
105	244	4
105	954	2
105	950	2
105	955	2
105	956	3
105	957	2
105	958	2
105	206	2
105	959	2
105	214	2
105	960	2
105	961	2
105	848	2
105	546	2
105	951	2
105	962	2
105	972	2
105	534	2
105	963	2
105	695	2
105	964	2
105	671	4
105	965	2
105	966	3
105	967	2
105	283	2
105	968	2
105	969	2
105	970	2
105	996	3
105	314	2
105	1007	2
105	1022	2
105	992	2
105	234	2
105	461	2
105	1057	2
105	675	2
105	629	2
106	107	2
106	108	3
106	109	2
106	242	2
106	351	2
106	352	2
106	353	2
106	354	2
106	355	2
106	357	2
106	358	2
106	359	2
106	361	2
107	108	2
107	109	2
107	217	2
107	541	2
107	869	2
107	244	2
107	297	2
107	939	2
108	109	2
108	242	4
108	351	2
108	352	2
108	353	5
108	354	4
108	355	2
108	356	2
108	357	2
108	217	2
108	358	2
108	359	2
108	361	2
108	350	2
108	310	2
108	659	2
108	478	3
108	151	2
108	667	2
108	658	2
108	669	2
108	670	2
108	419	2
108	671	3
108	320	3
108	462	2
108	143	2
108	304	2
108	435	3
108	309	2
108	245	3
108	956	2
108	489	2
108	117	2
108	534	2
108	966	2
108	153	2
108	171	2
108	273	2
109	361	2
110	111	2
110	552	2
110	489	2
112	113	2
112	181	2
112	915	2
112	920	2
112	921	2
112	922	2
112	454	2
112	917	2
112	226	2
112	923	2
112	924	2
112	925	2
112	926	2
114	115	2
116	125	2
116	449	2
116	701	2
116	702	2
116	703	2
116	704	2
116	705	2
116	706	2
116	707	2
116	708	2
116	709	2
116	710	2
116	660	2
116	711	2
116	712	2
116	713	2
116	294	2
116	714	2
116	272	2
116	316	2
117	133	2
117	134	2
117	135	2
117	249	3
117	217	4
117	519	2
117	520	3
117	320	4
117	186	3
117	304	2
117	625	3
117	626	2
117	182	2
117	627	2
117	646	3
117	283	2
117	242	3
117	741	2
117	743	2
117	599	2
117	203	2
117	769	3
117	772	2
117	309	2
117	206	2
117	534	2
117	512	2
117	719	2
117	1168	2
117	652	2
117	313	2
119	123	2
119	422	2
119	436	2
119	437	2
119	1062	2
119	543	2
120	121	2
120	126	2
120	127	2
120	129	2
120	400	2
120	304	2
120	313	2
120	440	2
120	803	3
120	804	2
120	442	2
120	864	2
120	629	2
120	1093	2
120	367	2
120	303	2
121	122	2
121	126	2
121	127	2
121	129	2
121	138	2
121	629	2
121	1020	2
121	1021	2
121	689	2
121	1178	2
122	132	2
122	126	2
122	138	2
122	354	2
122	480	2
122	486	2
122	484	2
122	244	3
126	137	2
126	127	2
126	129	2
126	262	2
127	129	2
127	609	2
128	139	2
128	130	2
128	504	2
128	820	2
132	605	2
132	331	2
132	794	2
133	134	2
140	141	2
140	1008	2
140	269	2
140	1009	2
140	1010	2
140	1011	2
140	1012	2
140	1013	2
140	1014	2
142	143	2
142	144	2
142	145	2
142	146	2
142	147	2
142	148	5
142	149	3
142	150	2
142	151	4
142	259	2
142	260	2
142	261	2
142	262	2
142	271	2
142	272	3
142	273	2
142	274	2
142	309	3
142	242	4
142	310	2
142	311	3
142	312	5
142	313	3
142	314	2
142	315	2
142	316	2
142	317	8
142	413	2
142	203	2
142	187	3
142	530	2
142	219	2
142	560	2
142	561	2
142	452	3
142	566	3
142	244	4
142	773	2
142	631	2
142	591	2
142	774	2
142	682	2
142	701	2
142	789	2
142	790	2
142	791	2
142	177	3
142	759	4
142	831	2
142	832	2
142	833	2
142	300	2
142	946	2
142	615	3
142	379	3
142	212	2
142	614	2
143	153	3
143	144	2
143	145	2
143	146	2
143	147	2
143	155	2
143	149	3
143	156	2
143	157	2
143	158	2
143	151	5
143	159	2
143	462	2
143	413	2
143	466	2
143	312	6
143	243	3
143	464	3
143	452	10
143	467	2
143	468	2
143	469	3
143	323	2
143	470	2
143	471	2
143	271	5
143	329	3
143	472	5
143	370	2
143	473	2
143	474	2
143	475	2
143	414	2
143	591	2
143	314	4
143	592	2
143	593	2
143	320	2
143	295	4
143	594	3
143	595	2
143	614	3
143	259	3
143	616	2
143	368	2
143	606	4
143	617	2
143	350	2
143	206	4
143	689	2
143	395	2
143	310	2
143	755	2
143	244	5
143	756	2
143	354	2
143	409	2
143	780	2
143	521	2
143	410	2
143	495	2
143	304	2
143	802	2
143	313	2
143	419	2
143	179	3
143	891	2
143	294	3
143	890	2
143	655	2
143	910	2
143	311	2
143	560	2
143	489	2
143	436	2
143	696	2
143	985	2
143	533	2
143	1004	2
143	1005	2
143	269	2
143	398	2
143	565	2
143	347	2
143	1037	2
143	658	2
143	1041	2
143	1042	2
143	1023	2
143	540	3
143	629	3
143	170	2
143	543	3
143	821	2
143	334	2
143	175	2
143	212	2
143	272	2
143	719	3
143	1242	2
143	251	2
143	1156	2
143	1243	2
143	1244	2
143	1245	2
143	253	2
144	164	2
144	148	3
144	155	2
144	149	2
144	532	2
145	153	2
145	146	2
145	156	2
145	291	2
145	231	2
145	292	2
145	293	2
145	294	2
145	295	2
145	296	2
145	327	2
145	320	2
145	179	2
145	450	2
145	885	2
145	886	2
145	887	2
145	888	2
145	889	2
145	1125	2
146	151	2
146	310	2
146	311	2
146	312	2
146	247	2
146	323	2
146	329	2
146	413	2
146	378	2
146	470	2
147	148	2
147	155	2
147	828	2
147	391	2
148	164	2
148	149	3
148	312	2
148	187	2
148	309	2
148	242	2
148	773	2
148	591	2
148	452	2
148	774	2
148	777	2
148	682	2
148	244	2
148	759	3
148	565	2
148	539	2
149	151	3
149	242	2
149	187	3
149	251	2
149	244	2
149	261	2
149	540	2
149	171	2
149	629	2
150	153	2
150	160	2
150	163	2
150	165	2
150	151	2
150	233	2
150	179	2
150	834	2
150	831	2
150	311	2
150	845	2
150	760	2
150	689	2
150	933	3
150	936	2
150	934	2
150	937	2
150	938	2
150	397	2
150	935	3
150	629	3
150	244	4
150	723	3
150	940	2
150	941	2
150	281	2
150	242	2
150	474	3
150	1160	3
150	1161	2
150	826	2
150	1162	2
150	1163	3
150	1167	2
150	1178	2
151	152	6
151	153	3
151	344	2
151	345	2
151	346	7
151	349	2
151	347	3
151	264	2
151	350	2
151	200	2
151	565	2
151	310	4
151	304	2
151	312	4
151	566	4
151	543	3
151	489	5
151	614	4
151	259	3
151	243	3
151	615	4
151	616	2
151	470	2
151	606	2
151	311	4
151	247	2
151	353	2
151	187	2
151	379	3
151	659	2
151	657	2
151	261	3
151	658	3
151	676	2
151	452	6
151	367	2
151	443	2
151	546	2
151	244	4
151	204	2
151	785	4
151	537	3
151	455	2
151	560	2
151	696	2
151	317	2
151	744	2
151	978	3
151	472	2
151	464	2
151	1033	2
151	791	2
151	715	2
151	206	2
151	242	2
151	1047	2
151	203	2
151	790	4
151	1053	2
151	759	2
151	1133	2
151	683	3
151	451	2
151	1146	2
151	186	2
151	421	2
151	826	2
152	153	2
152	200	2
152	202	3
152	213	2
152	214	2
152	215	2
152	346	3
152	310	3
152	312	2
152	566	3
152	259	3
152	676	2
152	452	2
152	1128	2
152	1129	2
152	263	2
152	1130	2
152	533	2
152	347	2
152	1131	2
152	658	2
152	1112	2
152	1132	2
153	154	2
153	200	3
153	201	2
153	202	3
153	203	4
153	218	3
153	219	3
153	216	2
153	206	4
153	220	2
153	221	2
153	209	2
153	222	2
153	223	3
153	212	3
153	249	2
153	540	2
153	542	2
153	390	2
153	452	3
153	510	2
153	543	3
153	489	2
153	544	2
153	545	2
153	546	2
153	547	2
153	244	5
153	394	2
153	474	3
153	179	3
153	231	2
153	294	2
153	306	2
153	242	2
153	312	2
153	304	2
153	1085	2
153	311	2
153	682	2
154	1247	2
154	1201	2
154	212	2
155	203	2
155	191	2
155	244	3
157	166	2
158	159	2
160	161	2
163	231	2
163	293	2
163	718	2
167	169	2
167	395	2
167	474	2
168	392	2
168	489	2
168	557	2
168	244	2
168	580	2
169	171	3
169	170	2
169	217	2
169	229	2
169	451	2
169	178	2
169	540	3
169	688	2
169	549	2
169	1124	2
169	273	2
170	171	2
170	452	2
170	244	4
170	273	2
170	304	2
170	489	2
170	474	2
170	1120	2
171	172	2
171	273	2
171	629	2
171	540	2
173	174	2
175	626	2
175	258	2
175	212	2
176	391	2
176	1192	2
176	1193	2
176	1194	2
176	1195	2
176	1196	2
176	1197	2
177	178	2
177	242	2
177	187	2
177	790	2
177	791	2
177	566	2
177	313	2
177	759	2
177	798	2
177	317	3
177	244	2
178	260	2
178	451	2
178	900	2
178	901	2
178	902	2
178	1176	2
179	180	2
179	181	2
179	388	2
179	260	3
179	397	2
179	398	2
179	244	4
179	311	3
179	312	3
179	759	2
179	452	2
179	849	2
179	314	2
179	592	2
179	811	2
179	450	2
179	231	2
179	885	2
179	886	2
179	887	2
179	294	2
179	888	2
179	295	2
179	889	2
179	890	2
179	284	2
179	472	3
179	972	2
179	595	2
181	767	2
181	915	2
181	920	2
181	921	2
181	922	2
181	454	2
181	917	2
181	226	2
181	923	2
181	924	2
181	925	2
181	926	2
182	186	4
182	631	2
182	304	2
182	632	2
182	625	2
182	633	2
182	626	3
182	627	2
182	250	2
182	634	2
182	635	2
182	636	2
182	283	2
182	201	2
182	203	2
182	242	2
182	246	2
182	952	2
182	597	2
182	1016	2
182	357	2
184	185	2
184	196	2
184	187	2
184	192	2
184	247	2
184	254	2
184	249	2
184	251	2
184	212	2
184	331	3
184	505	2
184	562	2
184	648	2
184	771	2
184	650	2
184	313	2
184	745	2
184	1141	2
184	596	2
186	187	2
186	200	3
186	201	6
186	203	4
186	304	4
186	625	2
186	626	2
186	627	2
186	250	2
186	367	2
186	628	2
186	629	3
186	283	2
186	630	2
186	725	2
186	492	3
186	474	2
186	421	4
186	950	2
186	206	3
186	489	3
186	951	2
186	512	2
186	244	3
186	550	2
186	1055	2
186	494	2
186	400	2
186	216	2
186	684	2
186	826	3
186	785	3
186	1078	2
186	1172	2
187	192	2
187	242	3
187	247	2
187	244	2
187	212	2
187	413	2
187	203	2
187	379	2
187	660	2
187	661	2
187	790	2
187	791	2
187	566	2
187	759	2
187	317	2
188	193	2
188	194	2
188	195	2
189	244	2
191	199	2
191	509	2
191	514	2
191	283	2
191	285	2
191	684	2
191	244	3
191	203	2
191	690	2
191	1097	2
191	1098	2
191	1099	2
191	1100	2
191	1101	2
191	689	2
191	1102	2
192	242	2
192	244	2
193	194	2
196	197	2
200	201	3
200	202	2
200	203	4
200	204	2
200	205	2
200	206	3
200	207	2
200	208	2
200	209	2
200	210	2
200	211	2
200	212	4
200	312	3
200	564	2
200	565	2
200	492	2
200	421	2
200	537	2
201	203	5
201	216	2
201	206	3
201	214	2
201	217	2
201	212	2
201	725	2
201	492	2
201	474	2
201	421	3
201	950	2
201	304	3
201	489	3
201	951	2
201	244	3
201	550	2
201	494	2
201	684	2
201	826	2
201	785	2
202	203	3
202	218	2
202	219	2
202	224	2
202	206	4
202	220	2
202	209	3
202	222	2
202	210	2
202	211	2
202	223	3
202	212	3
202	259	3
202	452	2
202	489	2
202	544	2
202	545	2
202	546	2
202	547	2
202	244	3
202	394	2
202	685	2
202	683	2
202	839	2
202	312	2
202	806	2
202	840	2
202	760	2
202	1087	2
202	580	2
202	1128	2
202	1129	2
202	310	2
202	263	3
202	566	2
202	1130	2
202	775	2
202	533	2
202	347	2
202	1131	2
202	658	2
202	1112	2
202	1132	2
202	1248	2
202	1247	2
202	440	2
203	218	3
203	219	3
203	225	2
203	206	5
203	220	2
203	214	2
203	217	2
203	209	3
203	222	3
203	223	3
203	212	3
203	550	2
203	542	2
203	452	3
203	543	3
203	489	4
203	544	3
203	545	2
203	546	4
203	547	2
203	244	7
203	394	2
203	419	2
203	474	4
203	421	3
203	769	2
203	249	2
203	242	3
203	434	2
203	304	3
203	953	2
203	695	2
203	283	2
203	989	2
203	684	2
203	1050	2
203	1051	2
203	1169	2
203	826	2
205	207	2
205	208	2
205	212	3
206	218	2
206	219	2
206	220	2
206	221	2
206	214	2
206	217	2
206	209	3
206	222	2
206	210	2
206	211	2
206	223	3
206	212	3
206	405	2
206	372	3
206	249	2
206	409	2
206	410	2
206	406	2
206	550	3
206	259	2
206	452	2
206	489	4
206	544	3
206	545	2
206	546	5
206	547	3
206	244	8
206	394	2
206	565	4
206	683	2
206	285	2
206	348	2
206	684	4
206	402	2
206	691	2
206	293	2
206	692	2
206	690	2
206	715	2
206	721	2
206	780	3
206	781	2
206	261	3
206	782	2
206	495	2
206	670	3
206	242	2
206	304	6
206	908	2
206	954	2
206	950	2
206	955	2
206	956	2
206	957	2
206	958	2
206	959	2
206	960	2
206	961	2
206	848	2
206	951	2
206	962	2
206	534	3
206	963	2
206	695	3
206	964	2
206	512	3
206	671	2
206	965	2
206	966	2
206	967	2
206	968	2
206	969	2
206	970	2
206	985	2
206	313	3
206	868	3
206	987	2
206	826	2
207	208	2
207	212	2
208	212	2
209	218	2
209	219	2
209	225	2
209	220	2
209	222	2
209	210	2
209	211	2
209	223	2
209	212	2
209	565	2
209	244	3
209	542	2
209	766	2
209	474	2
209	306	2
209	489	2
209	261	2
210	217	2
210	211	2
210	212	2
211	212	2
212	218	3
212	219	3
212	224	2
212	241	2
212	242	4
212	253	2
212	254	2
212	249	2
212	250	2
212	251	2
212	244	6
212	540	2
212	452	5
212	688	2
212	733	2
212	732	2
212	770	2
212	550	2
212	317	2
212	1047	2
212	1052	2
212	543	2
212	759	2
212	542	2
212	868	2
212	451	2
212	312	2
212	1247	2
212	1201	2
212	350	2
212	1249	2
213	214	2
213	215	2
214	217	2
214	215	2
214	546	2
214	244	3
214	972	2
216	222	2
216	682	2
216	400	2
216	421	2
216	629	2
216	826	2
216	785	2
216	1078	2
217	227	3
217	338	2
217	341	2
217	342	2
217	343	2
217	350	2
217	242	5
217	366	2
217	249	2
217	517	2
217	520	3
217	320	3
217	625	2
217	741	2
217	744	2
217	309	2
217	311	2
217	626	2
217	775	2
217	244	2
217	769	2
217	1135	2
217	1136	2
217	251	2
218	219	4
218	220	2
218	222	2
218	223	2
218	1052	2
218	543	2
218	244	3
219	228	2
219	220	2
219	222	2
219	223	3
219	452	2
219	543	3
219	1052	2
219	244	5
220	222	2
220	223	2
222	223	2
222	489	2
222	546	2
222	989	2
222	474	2
222	244	2
223	543	2
223	489	2
223	544	2
223	545	2
223	546	2
223	547	2
223	244	2
223	394	2
223	304	2
223	580	2
226	915	2
226	920	2
226	921	2
226	922	2
226	454	2
226	917	2
226	923	2
226	924	2
226	925	2
226	928	2
226	926	2
227	341	2
227	342	2
227	343	2
228	1205	2
231	292	2
231	293	2
231	294	3
231	295	2
233	235	2
233	382	2
233	384	2
233	387	2
233	606	2
234	604	2
234	609	2
234	1022	2
236	237	2
239	452	2
239	454	2
239	456	2
239	929	2
240	442	2
241	242	3
241	243	2
241	244	3
241	275	4
241	276	2
241	277	2
241	271	2
241	274	2
241	586	2
241	906	2
241	907	2
241	1043	2
241	451	2
242	245	3
242	246	5
242	243	2
242	247	2
242	248	2
242	249	4
242	250	2
242	251	2
242	244	7
242	309	4
242	310	2
242	311	4
242	312	2
242	321	2
242	318	2
242	322	2
242	323	2
242	319	2
242	324	2
242	313	3
242	314	3
242	325	2
242	315	2
242	316	2
242	326	2
242	320	5
242	317	3
242	351	2
242	352	2
242	353	2
242	354	2
242	355	2
242	356	2
242	357	2
242	358	3
242	359	2
242	360	2
242	361	2
242	339	3
242	587	2
242	588	2
242	669	2
242	670	2
242	671	2
242	739	2
242	625	3
242	740	2
242	520	2
242	741	2
242	773	2
242	631	2
242	591	3
242	452	4
242	626	4
242	774	2
242	775	2
242	682	2
242	274	2
242	790	2
242	791	2
242	566	2
242	560	2
242	759	2
242	304	2
242	908	2
242	952	2
242	769	2
242	953	2
242	592	2
242	1047	2
242	474	2
243	244	6
243	466	2
243	312	2
243	452	4
243	467	2
243	468	2
243	469	2
243	470	2
243	329	2
243	370	2
243	473	2
243	474	2
243	475	2
243	310	2
243	311	2
243	339	2
243	320	2
243	566	2
243	990	2
243	546	2
243	346	2
243	451	2
244	252	2
244	245	2
244	246	2
244	249	2
244	256	2
244	251	2
244	388	3
244	395	3
244	400	2
244	390	5
244	399	2
244	392	3
244	260	2
244	397	3
244	398	3
244	393	2
244	394	3
244	548	2
244	539	2
244	540	2
244	550	3
244	542	2
244	259	5
244	452	9
244	553	3
244	541	2
244	543	3
244	489	6
244	544	3
244	545	2
244	546	9
244	493	2
244	547	3
244	310	2
244	311	4
244	339	2
244	320	2
244	588	2
244	586	2
244	346	2
244	678	2
244	679	2
244	367	2
244	680	2
244	565	3
244	686	2
244	285	2
244	509	2
244	684	4
244	687	2
244	267	2
244	566	2
244	758	2
244	309	2
244	625	2
244	626	2
244	775	2
244	682	2
244	850	2
244	851	2
244	852	2
244	853	2
244	467	2
244	854	2
244	855	2
244	759	3
244	471	2
244	314	3
244	811	2
244	413	2
244	869	2
244	871	2
244	313	3
244	868	3
244	818	2
244	317	2
244	304	11
244	909	2
244	908	2
244	933	2
244	934	2
244	937	2
244	935	2
244	629	4
244	723	2
244	434	2
244	972	2
244	695	2
244	283	3
244	985	2
244	986	2
244	533	2
244	379	2
244	987	2
244	988	2
244	990	2
244	989	2
244	474	4
244	262	2
244	355	2
244	1004	2
244	312	2
244	271	3
244	1015	2
244	1025	2
244	1026	2
244	658	2
244	614	2
244	1048	2
244	1052	2
244	1050	2
244	1049	2
244	1054	2
244	580	2
244	785	3
244	1078	3
244	1084	2
244	1094	3
244	1096	2
244	421	2
244	826	2
244	839	2
244	480	2
244	1158	2
244	437	2
244	780	3
244	832	2
245	246	2
245	249	2
245	769	2
246	247	2
246	248	2
246	249	4
246	250	2
246	251	2
246	309	3
246	321	2
246	318	3
246	322	2
246	331	2
246	319	2
246	314	2
246	952	2
246	626	3
246	339	2
246	599	2
246	591	2
247	249	2
247	251	2
247	310	3
247	311	2
247	319	2
247	313	2
247	657	2
247	662	2
247	261	2
247	658	2
247	259	2
248	249	3
248	251	2
249	254	2
249	255	2
249	251	2
249	309	3
249	311	2
249	321	2
249	318	2
249	322	2
249	331	2
249	319	2
249	324	3
249	314	2
249	325	2
249	320	2
249	519	2
249	520	2
249	769	2
249	955	2
249	972	2
249	534	2
249	345	2
250	631	2
250	632	2
250	625	2
250	633	2
250	626	2
250	634	2
250	635	2
250	636	2
250	628	2
251	540	2
251	1242	2
251	629	2
251	1156	2
251	1243	2
251	1244	2
251	719	2
251	1245	2
257	258	2
258	644	3
259	263	4
259	264	2
259	261	2
259	265	2
259	452	3
259	489	2
259	546	3
259	547	2
259	614	2
259	312	2
259	616	2
259	314	2
259	346	2
259	678	2
259	679	2
259	566	3
259	533	5
259	313	2
259	794	2
259	808	2
259	658	4
259	1128	2
259	1129	2
259	310	2
259	1130	2
259	347	2
259	1131	2
259	1112	2
259	1132	2
260	388	2
260	403	2
260	392	2
260	394	3
260	312	2
260	842	2
260	546	2
260	283	2
261	378	2
261	379	3
261	655	2
261	657	2
261	682	3
261	521	2
261	780	2
261	495	2
261	472	2
261	995	2
261	868	2
261	360	2
261	304	2
262	281	2
262	285	2
262	283	2
262	304	2
262	440	2
262	445	3
262	307	2
262	436	2
262	447	2
262	437	2
262	395	2
262	760	2
262	761	2
262	474	3
262	801	2
262	606	2
262	992	2
262	690	2
262	301	2
263	533	3
263	1128	2
263	1129	2
263	310	2
263	566	2
263	1130	2
263	347	2
263	1131	2
263	658	2
263	1112	2
263	1132	2
264	346	2
267	269	2
269	472	2
269	452	2
269	455	2
269	944	2
269	271	2
269	1008	2
269	1009	2
269	1010	2
269	1011	2
269	1012	2
269	1013	2
269	1014	2
271	275	2
271	272	4
271	413	2
271	312	3
271	464	2
271	452	3
271	329	2
271	472	3
271	832	2
271	1004	2
271	295	2
271	480	2
271	606	2
271	1067	2
271	822	2
271	543	2
271	759	2
272	278	2
272	276	2
272	316	3
272	794	2
272	317	2
272	606	2
272	1069	2
272	472	2
273	283	3
273	694	2
273	489	3
273	293	2
273	320	2
273	390	2
273	866	2
273	873	2
273	629	2
273	540	2
273	1124	2
274	275	2
274	277	2
274	631	2
274	313	2
274	451	2
274	1047	2
275	276	2
275	277	2
275	451	3
276	278	2
276	489	2
276	549	2
278	775	2
279	280	2
279	676	2
279	452	2
279	677	2
279	546	2
279	489	2
280	437	2
281	282	2
281	283	2
281	509	2
281	306	2
281	301	2
282	283	2
283	285	2
283	506	2
283	392	2
283	514	2
283	511	2
283	512	2
283	306	2
283	513	2
283	304	2
283	639	2
283	626	2
283	627	2
283	629	2
283	630	2
283	489	3
283	546	4
283	684	2
283	992	2
283	690	2
283	808	2
283	826	2
285	565	2
285	372	2
285	684	3
286	288	2
292	294	2
292	295	2
293	294	2
293	691	3
293	689	4
293	690	2
293	489	2
293	693	2
293	701	2
293	718	2
293	833	2
293	843	2
294	295	2
294	297	2
294	690	2
294	316	2
294	894	2
294	1023	2
294	446	2
294	818	2
294	758	2
294	807	2
295	314	2
295	593	2
295	595	2
295	890	2
296	314	2
297	939	2
298	299	2
298	300	2
298	301	2
298	861	2
298	862	2
298	637	2
298	1066	2
298	1057	2
298	1068	2
298	572	2
298	1087	2
298	987	2
300	572	2
300	868	3
300	317	2
301	303	2
301	395	2
301	509	2
302	303	2
303	445	2
303	441	2
303	436	2
303	442	2
303	447	2
303	437	2
303	367	2
303	803	2
304	305	2
304	306	2
304	307	3
304	308	2
304	416	2
304	367	3
304	417	2
304	418	2
304	419	2
304	420	3
304	421	3
304	361	2
304	422	2
304	423	2
304	424	2
304	425	2
304	434	2
304	438	2
304	439	2
304	440	2
304	441	2
304	435	3
304	442	3
304	437	2
304	565	2
304	312	2
304	489	5
304	570	3
304	625	2
304	626	2
304	627	2
304	580	3
304	640	2
304	629	4
304	630	2
304	400	2
304	775	2
304	313	2
304	550	2
304	908	2
304	670	2
304	546	2
304	534	2
304	695	2
304	726	2
304	614	2
304	1077	2
304	785	3
304	1078	2
304	868	2
304	1094	2
304	684	2
304	474	2
304	826	2
304	544	2
304	1108	2
304	1235	2
304	1236	2
305	306	2
305	307	2
305	308	2
306	307	2
306	308	2
306	433	2
306	421	2
306	415	2
306	395	2
306	506	2
306	510	2
306	763	2
306	489	2
307	308	2
307	416	2
307	417	2
307	420	2
307	361	2
307	422	2
307	423	2
307	424	2
309	310	2
309	311	2
309	318	2
309	319	2
309	313	2
309	315	2
309	316	2
309	320	2
309	317	2
309	773	2
309	591	3
309	626	2
309	774	2
309	682	2
309	534	2
309	599	2
310	311	4
310	312	4
310	318	2
310	319	2
310	320	4
310	346	2
310	566	4
310	489	2
310	589	2
310	353	2
310	656	2
310	657	2
310	658	3
310	452	3
310	756	2
310	614	2
310	646	2
310	1128	2
310	1129	2
310	1130	2
310	533	2
310	347	2
310	1131	2
310	1112	2
310	1132	2
311	312	3
311	323	2
311	328	2
311	320	4
311	391	2
311	489	2
311	589	2
311	413	2
311	353	2
311	397	2
311	657	2
311	346	2
311	452	4
311	591	2
311	775	3
311	682	2
311	834	3
311	832	2
311	914	2
311	915	2
311	916	2
311	917	2
311	366	2
311	918	2
311	436	2
311	540	2
311	946	2
311	566	2
311	1146	2
311	790	2
311	543	2
311	1062	2
312	321	2
312	318	2
312	323	2
312	314	4
312	329	3
312	330	2
312	320	2
312	413	2
312	466	2
312	464	2
312	452	5
312	469	3
312	470	2
312	472	3
312	370	2
312	473	2
312	475	2
312	414	2
312	564	2
312	566	2
312	489	2
312	549	2
312	614	3
312	618	2
312	616	2
312	834	2
312	831	2
312	806	2
312	759	2
312	842	2
312	560	2
312	696	2
312	1003	2
312	658	2
312	1239	2
313	319	2
313	314	2
313	315	2
313	316	2
313	317	3
313	638	2
313	533	2
313	800	3
313	440	2
313	804	2
313	865	2
313	413	2
313	541	2
313	868	4
313	985	2
313	1229	2
313	1141	2
313	1257	2
313	1258	2
313	1259	2
313	1260	2
314	321	4
314	322	3
314	323	2
314	331	2
314	324	2
314	329	2
314	325	2
314	330	2
314	316	2
314	328	2
314	320	2
314	368	2
314	369	2
314	370	2
314	350	2
314	452	2
314	592	2
314	593	2
314	595	2
314	599	2
314	602	2
314	615	2
314	616	2
314	470	2
314	606	2
314	759	2
314	811	2
314	379	2
314	1003	2
314	1006	2
314	1007	2
315	316	2
315	317	2
316	335	2
316	328	2
316	320	2
316	317	2
316	591	2
316	600	2
316	794	2
316	874	2
317	790	2
317	791	2
317	566	2
317	759	2
317	615	2
317	379	2
318	319	2
318	591	2
318	1188	2
319	614	2
319	345	3
319	658	2
320	323	2
320	328	2
320	520	3
320	527	2
320	358	2
320	591	2
320	452	2
320	599	3
320	353	3
320	354	2
320	478	2
320	676	2
320	694	2
320	489	2
320	696	2
320	646	2
320	1094	2
320	1123	2
320	1124	2
321	322	3
321	331	2
321	324	2
321	329	2
321	330	2
322	331	3
322	324	2
323	329	2
323	476	2
323	467	2
323	471	2
323	473	2
323	827	2
324	325	2
325	330	2
325	368	2
329	330	2
329	466	2
329	469	2
329	470	2
329	472	2
329	370	2
329	473	2
329	475	2
331	505	2
331	648	2
331	650	2
331	651	2
331	880	2
331	881	2
331	479	2
331	715	2
332	489	2
333	334	2
338	339	2
338	340	2
339	340	2
339	452	2
339	626	3
339	1182	2
341	342	2
341	343	2
342	343	2
344	345	2
344	1217	2
344	1115	2
344	683	2
345	346	2
345	347	2
345	348	2
345	533	2
345	658	2
346	349	2
346	347	2
346	533	2
346	566	3
346	543	2
346	452	2
346	546	2
347	452	2
347	1128	2
347	1129	2
347	566	2
347	1130	2
347	533	2
347	1131	2
347	658	2
347	1112	2
347	1132	2
350	356	2
350	368	2
350	369	2
350	370	2
351	352	2
351	353	2
351	354	2
351	355	2
351	357	2
351	358	2
351	359	2
351	361	2
352	353	2
352	354	2
352	355	2
352	357	2
352	358	2
352	359	2
352	361	2
353	354	3
353	355	2
353	357	2
353	358	2
353	359	2
353	366	2
353	361	2
353	659	2
353	657	2
353	478	3
354	355	2
354	357	2
354	358	2
354	359	2
354	361	2
354	478	3
354	419	2
355	357	2
355	358	2
355	359	2
355	361	2
357	363	2
357	358	2
357	359	2
357	361	2
358	359	2
358	361	2
359	361	2
360	367	2
360	641	2
361	367	2
361	416	2
361	417	2
361	419	2
361	420	2
361	422	2
361	423	2
361	424	2
363	364	2
363	365	2
364	365	2
366	914	2
366	834	2
366	915	2
366	916	2
366	917	2
366	918	2
366	436	2
367	412	2
367	420	2
367	421	2
367	415	2
367	580	2
367	575	2
367	581	2
367	641	2
367	511	2
367	630	2
367	866	2
367	489	2
367	1061	2
367	803	2
367	1173	2
367	693	2
368	369	2
368	370	2
368	617	2
369	370	2
370	466	2
370	469	2
370	470	2
370	473	2
370	475	2
371	856	2
371	849	2
372	373	2
372	374	2
372	375	2
372	376	2
372	377	2
372	565	2
372	684	2
373	381	2
373	374	2
373	375	2
373	376	2
373	377	2
374	375	2
374	376	2
374	377	2
375	376	2
375	377	2
376	377	2
376	385	2
378	379	2
378	413	3
378	414	2
378	415	2
378	470	2
379	413	2
379	663	2
379	615	2
379	986	2
379	759	2
381	492	2
381	1238	2
382	384	2
383	385	2
383	386	2
385	386	2
388	389	2
388	390	3
388	391	2
388	392	2
388	393	2
388	394	2
388	539	2
388	540	2
388	541	2
388	489	2
388	866	2
388	867	2
389	391	3
389	399	2
389	489	2
389	490	2
390	392	2
390	393	2
390	394	2
390	541	2
390	489	2
390	546	2
390	866	2
391	395	2
391	399	2
391	397	2
391	489	2
391	490	2
391	655	2
391	828	2
391	565	2
391	540	2
391	982	2
392	395	3
392	403	2
392	394	3
392	510	2
392	551	2
392	489	3
392	546	2
394	403	2
394	550	2
394	551	2
394	489	4
394	544	2
394	545	2
394	546	3
394	547	2
395	396	2
395	540	2
395	452	2
395	729	2
395	730	2
395	759	2
395	760	3
395	761	2
395	474	3
397	668	2
397	933	2
397	934	2
397	935	2
397	629	2
398	1120	2
399	489	2
400	437	2
400	803	2
400	442	2
400	421	2
400	629	2
400	826	2
400	785	2
400	1078	2
405	406	3
407	408	2
409	411	2
409	410	2
413	414	5
413	415	2
413	470	2
413	868	2
413	821	2
414	415	2
415	421	2
415	462	2
415	452	2
415	474	2
415	562	2
416	417	2
416	420	2
416	422	2
416	423	2
416	424	2
417	420	2
417	422	2
417	423	2
417	424	2
419	421	2
419	802	2
420	422	2
420	423	2
420	424	2
420	443	2
420	629	2
421	538	2
421	537	3
421	474	3
421	513	2
421	684	3
421	629	2
421	826	5
421	785	4
421	1078	2
421	780	2
421	630	2
422	423	2
422	424	2
423	424	2
426	427	2
426	428	2
426	429	2
426	430	2
427	428	2
427	429	2
427	430	2
428	429	2
428	430	2
429	430	2
434	435	2
434	436	2
434	437	2
434	731	2
434	452	2
434	489	2
434	971	2
435	438	2
435	439	2
435	440	2
435	441	2
435	442	2
435	437	2
436	446	2
436	914	2
436	834	2
436	915	2
436	916	2
436	489	2
436	917	2
436	918	2
436	930	2
437	438	2
437	439	2
437	440	2
437	441	3
437	442	2
437	452	2
437	543	2
438	439	2
438	440	2
438	441	2
438	442	2
439	440	2
439	441	2
439	442	2
440	441	2
440	442	2
440	775	2
440	489	3
440	825	2
440	868	3
440	1035	2
440	866	2
440	639	2
440	1087	2
440	1248	2
440	1247	2
441	442	2
442	447	2
442	775	2
442	803	2
446	882	2
446	780	2
446	689	2
446	1019	2
449	450	3
449	565	2
449	701	2
449	702	2
449	703	2
449	704	2
449	705	2
449	706	2
449	707	2
449	708	2
449	709	2
449	710	2
449	660	2
449	711	2
449	712	2
449	713	2
449	714	2
449	682	2
450	682	2
450	885	2
450	886	2
450	887	2
450	888	2
450	889	2
451	452	2
451	467	3
451	1110	2
451	489	2
451	1144	2
451	790	2
451	895	2
451	1047	2
452	453	2
452	454	2
452	455	3
452	456	2
452	462	2
452	465	2
452	466	2
452	464	3
452	467	3
452	468	2
452	469	2
452	471	2
452	461	2
452	472	2
452	539	3
452	540	4
452	553	2
452	543	4
452	489	2
452	546	2
452	591	3
452	592	3
452	594	2
452	731	3
452	729	2
452	730	2
452	560	3
452	566	4
452	756	2
452	631	2
452	625	2
452	626	2
452	682	2
452	857	2
452	759	3
452	614	3
452	565	2
452	1033	2
452	791	2
452	658	2
452	1041	3
452	790	2
452	1050	2
452	832	2
452	1239	2
454	457	2
454	455	2
454	456	2
454	915	2
454	920	2
454	921	2
454	922	2
454	917	2
454	923	2
454	924	2
454	925	2
454	926	2
455	457	2
455	786	2
458	459	2
458	460	2
458	461	2
459	460	2
459	461	2
460	461	2
461	465	2
461	466	2
461	467	2
461	477	2
461	473	2
461	675	2
462	463	2
462	464	2
463	464	2
464	469	2
464	715	2
465	466	2
466	469	2
466	470	2
466	473	2
466	475	2
467	471	3
467	477	2
467	473	2
467	850	2
467	851	2
467	852	2
467	853	2
467	854	2
467	855	2
467	1144	2
467	895	2
468	757	2
469	470	2
469	473	2
469	475	2
470	473	2
470	474	2
470	475	2
470	658	2
471	850	2
471	851	2
471	852	2
471	853	2
471	854	2
471	855	2
472	1004	2
473	477	2
473	475	2
473	619	2
474	725	3
474	759	2
474	760	2
474	765	2
474	489	4
474	826	3
474	546	2
474	989	2
474	684	2
474	1085	2
474	1086	2
474	658	2
474	979	2
479	480	2
484	485	2
485	1154	2
489	492	2
489	493	2
489	490	2
489	494	2
489	539	2
489	540	2
489	550	2
489	552	3
489	553	2
489	541	2
489	543	2
489	544	2
489	554	2
489	545	2
489	546	5
489	555	2
489	547	2
489	549	3
489	565	3
489	506	2
489	569	2
489	567	2
489	570	2
489	682	2
489	695	4
489	696	3
489	511	2
489	785	3
489	821	2
489	825	2
489	818	2
489	823	2
489	826	2
489	866	3
489	945	2
489	946	2
489	947	2
489	948	2
489	537	2
489	954	2
489	950	3
489	955	2
489	956	2
489	957	2
489	958	2
489	959	2
489	960	2
489	961	2
489	848	2
489	951	3
489	962	2
489	973	2
489	534	2
489	963	2
489	964	2
489	671	2
489	965	2
489	966	2
489	967	2
489	968	2
489	969	2
489	970	2
489	975	2
489	976	2
489	987	2
489	989	2
489	684	2
489	996	2
489	1043	2
489	580	2
489	1055	2
489	1061	2
489	629	2
492	494	2
492	495	2
492	725	2
493	553	2
494	550	2
496	497	2
497	498	2
497	744	4
497	980	2
497	981	2
499	500	2
499	501	2
500	501	2
502	503	2
502	504	2
503	504	2
504	1038	2
504	1039	2
506	507	2
506	508	2
506	568	2
506	566	2
507	1085	2
507	1015	2
507	641	2
507	1146	2
511	514	2
511	641	2
516	521	2
516	522	2
516	688	2
516	690	2
516	1079	2
518	793	2
518	1227	2
518	1175	2
520	746	2
520	745	2
521	522	2
521	523	2
521	620	2
521	621	2
521	622	2
521	623	2
521	655	2
521	785	2
521	1076	3
525	526	2
528	529	2
533	534	2
533	566	3
533	658	3
533	1128	2
533	1129	2
533	1130	2
533	1131	2
533	1112	2
533	1132	2
534	954	2
534	950	2
534	955	2
534	956	2
534	957	2
534	958	2
534	959	2
534	670	2
534	960	2
534	961	2
534	848	2
534	546	2
534	951	2
534	962	2
534	963	2
534	695	2
534	964	2
534	671	2
534	965	2
534	966	2
534	967	2
534	968	2
534	969	2
534	970	2
537	785	2
537	629	2
537	979	2
537	826	2
539	540	3
539	987	2
540	549	2
540	1064	2
540	987	2
540	1077	2
540	629	3
540	1124	2
540	1156	3
540	1242	2
540	1243	2
540	1244	2
540	719	2
540	1245	2
541	542	2
541	552	2
541	553	2
541	543	2
541	551	2
541	554	2
541	555	2
541	549	2
541	572	2
541	868	2
542	543	3
542	551	2
542	762	2
542	759	2
542	1223	2
543	552	2
543	553	2
543	554	2
543	555	2
543	549	3
543	566	3
543	790	3
543	1052	2
543	759	2
544	550	2
544	545	2
544	546	2
544	547	2
545	546	2
545	547	2
546	551	2
546	547	3
546	678	2
546	679	3
546	680	2
546	782	2
546	954	2
546	950	2
546	955	2
546	956	2
546	957	2
546	958	2
546	959	2
546	960	2
546	961	2
546	848	2
546	951	2
546	962	2
546	963	2
546	695	3
546	964	2
546	671	2
546	965	2
546	966	2
546	967	2
546	968	2
546	969	2
546	970	2
546	987	2
546	808	2
546	988	2
546	990	2
546	989	2
546	996	2
546	997	2
546	839	2
549	552	2
549	553	2
549	554	2
549	555	2
552	553	2
552	554	2
552	555	2
553	554	2
553	555	2
553	565	2
553	682	2
554	555	2
556	558	2
560	731	2
560	591	2
565	567	2
565	683	2
565	684	2
565	715	2
565	716	2
565	580	2
565	658	2
565	1170	2
565	780	2
565	682	2
566	756	2
566	790	3
566	791	2
566	759	2
566	614	2
566	1041	2
566	1128	2
566	1129	2
566	1130	2
566	1131	2
566	658	2
566	1112	2
566	1132	2
574	575	2
574	576	2
574	577	2
574	578	2
574	579	2
575	576	2
575	577	2
575	578	2
575	579	2
575	719	2
575	720	2
576	577	2
576	578	2
576	579	2
577	578	2
577	579	2
578	579	2
580	582	2
583	584	2
583	585	2
584	585	2
587	1043	2
591	592	2
591	598	3
591	599	2
591	773	2
591	626	2
591	774	2
591	682	3
591	927	2
591	1226	2
591	757	2
592	598	2
592	1046	2
593	595	2
596	597	2
596	641	2
596	1180	2
596	1183	2
597	601	2
598	1226	2
598	757	2
599	602	2
599	747	2
599	751	2
599	748	2
599	752	3
599	1092	2
599	611	2
599	1185	2
600	660	2
600	664	2
602	1140	2
603	604	2
603	605	2
603	697	2
604	607	2
604	605	3
604	610	2
604	611	2
604	612	2
604	613	2
605	607	2
605	610	2
605	611	2
605	612	2
605	613	2
606	615	2
606	617	2
606	1069	2
607	610	2
607	611	2
607	612	2
607	613	2
610	611	2
610	612	2
610	613	2
611	612	2
611	613	2
611	1092	2
612	613	2
614	615	2
614	616	2
614	919	2
614	1041	2
615	946	2
615	1085	2
616	618	2
621	622	2
621	623	2
622	623	2
625	631	3
625	632	2
625	633	2
625	626	3
625	634	2
625	635	2
625	636	2
625	629	2
625	740	2
625	743	2
626	631	3
626	632	2
626	633	2
626	627	2
626	634	2
626	635	2
626	636	2
626	952	2
627	643	2
629	932	2
629	719	3
629	933	2
629	936	2
629	934	2
629	935	3
629	1017	2
629	785	3
629	1078	3
629	1096	2
629	826	2
629	1178	2
629	1242	2
629	1156	2
629	1243	2
629	1244	2
629	1245	2
630	780	2
630	684	2
630	826	2
630	785	2
631	632	2
631	633	2
631	634	2
631	635	2
631	636	2
631	637	2
631	860	2
632	633	2
632	634	2
632	635	2
632	636	2
632	729	2
633	641	2
633	634	2
633	635	2
633	636	2
634	635	2
634	636	2
635	636	2
638	639	2
639	671	2
641	1065	2
646	719	2
648	650	3
648	651	2
650	651	2
652	653	2
652	654	2
653	654	2
655	681	2
655	1076	2
656	658	2
658	663	2
658	1128	2
658	1129	2
658	1130	2
658	1131	2
658	1112	2
658	1132	2
660	661	2
660	701	2
660	702	2
660	703	2
660	704	2
660	705	2
660	715	2
660	706	2
660	707	2
660	708	2
660	709	2
660	710	2
660	711	2
660	712	2
660	713	2
660	714	2
660	794	2
663	1056	2
670	673	2
670	671	2
671	675	2
671	954	2
671	950	2
671	955	2
671	956	3
671	957	2
671	958	2
671	959	2
671	960	2
671	961	2
671	848	2
671	951	2
671	962	2
671	963	2
671	695	2
671	964	2
671	965	2
671	966	3
671	967	2
671	968	2
671	969	2
671	970	2
672	674	2
676	677	2
676	682	2
678	679	2
679	808	2
682	693	2
682	773	2
682	776	2
682	774	2
682	777	2
682	775	2
682	1034	2
682	821	2
683	684	2
683	1133	2
683	1181	2
684	690	2
684	826	4
684	785	3
684	780	3
689	691	2
689	690	2
689	734	2
689	845	2
689	847	2
689	983	2
689	1097	2
689	1098	2
689	1099	2
689	1100	2
689	1101	2
689	1102	2
689	1225	2
689	1178	2
690	691	2
690	992	2
691	701	2
695	954	2
695	950	2
695	955	2
695	956	2
695	957	2
695	958	2
695	959	2
695	960	2
695	961	2
695	848	2
695	951	2
695	962	2
695	963	2
695	964	2
695	965	2
695	966	2
695	967	2
695	968	2
695	969	2
695	970	2
696	700	2
696	926	2
696	949	2
696	1019	2
696	1153	2
698	699	2
701	702	2
701	703	2
701	704	2
701	705	2
701	706	2
701	707	2
701	708	2
701	709	2
701	710	2
701	711	2
701	712	2
701	713	2
701	714	2
701	759	2
701	734	2
702	703	2
702	704	2
702	705	2
702	706	2
702	707	2
702	708	2
702	709	2
702	710	2
702	711	2
702	712	2
702	713	2
702	714	2
703	704	2
703	705	2
703	706	2
703	707	2
703	708	2
703	709	2
703	710	2
703	711	2
703	712	2
703	713	2
703	714	2
704	705	2
704	706	2
704	707	2
704	708	2
704	709	2
704	710	2
704	711	2
704	712	2
704	713	2
704	714	2
705	706	2
705	707	2
705	708	2
705	709	2
705	710	2
705	711	2
705	712	2
705	713	2
705	714	2
706	707	2
706	708	2
706	709	2
706	710	2
706	711	2
706	712	2
706	713	2
706	714	2
707	715	2
707	708	2
707	709	2
707	710	2
707	711	2
707	712	2
707	713	2
707	714	2
708	709	2
708	710	2
708	711	2
708	712	2
708	713	2
708	714	2
709	710	2
709	711	2
709	712	2
709	713	2
709	714	2
710	711	2
710	712	2
710	713	2
710	714	2
711	712	2
711	713	2
711	714	2
712	713	2
712	714	2
713	714	2
715	717	2
715	897	2
719	1242	2
719	1156	2
719	1243	2
719	1244	2
719	1245	2
721	809	2
723	724	2
723	937	2
723	940	2
723	941	2
723	1167	2
727	728	2
734	735	2
736	737	2
738	994	2
744	980	2
744	981	3
745	749	2
745	746	2
747	748	2
748	1080	2
749	750	2
751	752	2
752	874	2
753	754	2
755	804	2
757	1226	2
759	762	2
759	760	2
759	790	3
759	791	3
759	832	2
759	846	2
759	854	2
759	1047	2
759	1157	2
759	829	2
759	1240	2
760	840	2
761	866	2
773	774	2
776	777	2
780	1045	2
780	826	3
780	785	2
785	978	2
785	975	2
785	976	2
785	1078	3
785	826	4
790	791	2
790	1047	2
791	1033	2
794	1138	2
794	1139	2
794	1039	2
796	797	2
806	807	2
806	834	2
806	835	2
806	833	2
806	836	2
806	837	2
806	838	2
812	813	2
813	1024	2
815	816	2
817	1230	2
817	1198	2
818	823	2
818	820	2
818	946	2
819	824	2
821	1199	2
826	1078	2
833	834	2
833	835	2
833	836	2
833	837	2
833	843	2
833	838	2
834	835	2
834	836	2
834	837	2
834	838	2
834	914	2
834	915	3
834	916	2
834	917	2
834	918	2
835	836	2
835	837	2
835	838	2
836	837	2
836	838	2
837	838	2
848	954	2
848	950	2
848	955	2
848	956	2
848	957	2
848	958	2
848	959	2
848	960	2
848	961	2
848	951	2
848	962	2
848	963	2
848	964	2
848	965	2
848	966	2
848	967	2
848	968	2
848	969	2
848	970	2
850	851	2
850	852	2
850	853	2
850	854	2
850	855	2
851	852	2
851	853	2
851	854	2
851	855	2
852	853	2
852	854	2
852	855	2
853	854	2
853	855	2
854	855	2
854	859	2
860	863	2
860	1085	2
866	996	2
866	1061	2
868	985	2
868	987	3
868	1035	2
868	1087	2
874	1091	2
876	877	2
876	878	2
876	879	2
877	878	2
877	879	2
878	879	2
883	884	2
885	886	2
885	887	2
885	888	2
885	889	2
886	887	2
886	888	2
886	889	2
886	1125	2
887	888	2
887	889	2
888	889	2
892	893	2
895	1145	2
895	1146	2
895	1144	2
898	899	2
900	901	2
900	902	2
900	1121	3
901	902	2
903	904	2
906	907	2
909	974	2
909	1115	2
911	912	2
914	915	2
914	916	2
914	917	2
914	918	2
915	920	2
915	921	2
915	916	2
915	922	2
915	917	3
915	918	2
915	923	2
915	924	2
915	925	2
915	926	2
915	1073	2
916	917	2
916	918	2
917	920	2
917	921	2
917	922	2
917	918	2
917	923	2
917	924	2
917	925	2
917	926	2
917	1073	2
920	921	2
920	922	2
920	923	2
920	924	2
920	925	2
920	926	2
921	922	2
921	923	2
921	924	2
921	925	2
921	926	2
922	923	2
922	924	2
922	925	2
922	926	2
923	924	2
923	925	2
923	926	2
924	925	2
924	926	2
925	926	2
933	934	2
933	935	2
934	935	2
935	936	2
935	1178	2
937	938	2
937	946	2
938	1071	2
940	941	2
943	944	2
944	1174	2
944	1175	2
950	954	2
950	955	2
950	956	2
950	957	2
950	958	2
950	959	2
950	960	2
950	961	2
950	951	3
950	962	2
950	963	2
950	964	2
950	965	2
950	966	2
950	967	2
950	968	2
950	969	2
950	970	2
951	954	2
951	955	2
951	956	2
951	957	2
951	958	2
951	959	2
951	960	2
951	961	2
951	962	2
951	963	2
951	964	2
951	965	2
951	966	2
951	967	2
951	968	2
951	969	2
951	970	2
954	955	2
954	956	2
954	957	2
954	958	2
954	959	2
954	960	2
954	961	2
954	962	2
954	963	2
954	964	2
954	965	2
954	966	2
954	967	2
954	968	2
954	969	2
954	970	2
955	956	2
955	957	2
955	958	2
955	959	2
955	960	2
955	961	2
955	962	2
955	972	2
955	963	2
955	964	2
955	965	2
955	966	2
955	967	2
955	968	2
955	969	2
955	970	2
956	957	2
956	958	2
956	959	2
956	960	2
956	961	2
956	962	2
956	963	2
956	964	2
956	965	2
956	966	3
956	967	2
956	968	2
956	969	2
956	970	2
957	958	2
957	959	2
957	960	2
957	961	2
957	962	2
957	963	2
957	964	2
957	965	2
957	966	2
957	967	2
957	968	2
957	969	2
957	970	2
958	959	2
958	960	2
958	961	2
958	962	2
958	963	2
958	964	2
958	965	2
958	966	2
958	967	2
958	968	2
958	969	2
958	970	2
959	960	2
959	961	2
959	962	2
959	963	2
959	964	2
959	965	2
959	966	2
959	967	2
959	968	2
959	969	2
959	970	2
960	961	2
960	962	2
960	963	2
960	964	2
960	965	2
960	966	2
960	967	2
960	968	2
960	969	2
960	970	2
961	962	2
961	963	2
961	964	2
961	965	2
961	966	2
961	967	2
961	968	2
961	969	2
961	970	2
962	963	2
962	964	2
962	965	2
962	966	2
962	967	2
962	968	2
962	969	2
962	970	2
963	964	2
963	965	2
963	966	2
963	967	2
963	968	2
963	969	2
963	970	2
964	965	2
964	966	2
964	967	2
964	968	2
964	969	2
964	970	2
965	966	2
965	967	2
965	968	2
965	969	2
965	970	2
966	967	2
966	968	2
966	969	2
966	970	2
967	968	2
967	969	2
967	970	2
968	969	2
968	970	2
969	970	2
975	978	2
975	976	2
978	1179	2
980	981	2
987	989	2
989	1109	2
996	997	2
996	1088	2
996	1068	2
998	999	2
1001	1002	2
1008	1009	2
1008	1010	2
1008	1011	2
1008	1012	2
1008	1013	2
1008	1014	2
1009	1010	2
1009	1011	2
1009	1012	2
1009	1013	2
1009	1014	2
1010	1011	2
1010	1012	2
1010	1013	2
1010	1014	2
1011	1012	2
1011	1013	2
1011	1014	2
1012	1013	2
1012	1014	2
1013	1014	2
1020	1021	2
1025	1026	2
1029	1030	2
1029	1031	2
1029	1032	2
1030	1031	2
1030	1032	2
1031	1032	2
1038	1039	2
1039	1138	2
1039	1139	2
1040	1041	2
1048	1049	2
1057	1068	2
1068	1088	2
1074	1075	2
1081	1105	2
1082	1083	2
1085	1086	2
1094	1158	2
1097	1098	2
1097	1099	2
1097	1100	2
1097	1101	2
1097	1102	2
1098	1099	2
1098	1100	2
1098	1101	2
1098	1102	2
1099	1100	2
1099	1101	2
1099	1102	2
1100	1101	2
1100	1102	2
1101	1102	2
1111	1112	2
1112	1128	2
1112	1129	2
1112	1130	2
1112	1131	2
1112	1132	2
1113	1114	2
1113	1115	3
1113	1237	2
1114	1115	2
1115	1221	2
1115	1222	2
1115	1237	2
1116	1117	2
1118	1119	2
1123	1124	2
1126	1127	2
1128	1129	2
1128	1130	2
1128	1131	2
1128	1132	2
1129	1130	2
1129	1131	2
1129	1132	2
1130	1131	2
1130	1132	2
1131	1132	2
1135	1136	2
1138	1139	2
1141	1257	2
1141	1258	2
1141	1259	2
1141	1260	2
1145	1146	2
1145	1189	2
1147	1148	2
1149	1150	2
1149	1151	2
1149	1152	2
1150	1151	2
1150	1152	2
1151	1152	2
1156	1242	2
1156	1243	2
1156	1244	2
1156	1245	2
1160	1163	2
1161	1162	2
1166	1233	2
1174	1175	2
1175	1227	2
1190	1191	2
1192	1193	2
1192	1194	2
1192	1195	2
1192	1196	2
1192	1197	2
1193	1194	2
1193	1195	2
1193	1196	2
1193	1197	2
1194	1195	2
1194	1196	2
1194	1197	2
1195	1196	2
1195	1197	2
1196	1197	2
1198	1230	2
1200	1201	2
1200	1202	2
1200	1203	2
1200	1204	2
1201	1202	2
1201	1203	2
1201	1204	2
1201	1247	2
1202	1203	2
1202	1204	2
1203	1204	2
1206	1207	2
1206	1208	2
1207	1208	2
1209	1210	2
1209	1211	2
1209	1212	2
1209	1213	2
1209	1214	2
1209	1215	2
1210	1211	2
1210	1212	2
1210	1213	2
1210	1214	2
1210	1215	2
1211	1212	2
1211	1213	2
1211	1214	2
1211	1215	2
1212	1213	2
1212	1214	2
1212	1215	2
1213	1214	2
1213	1215	2
1214	1215	2
1217	1238	2
1217	1247	2
1217	1256	2
1218	1219	2
1221	1222	2
1231	1232	2
1235	1236	2
1238	1247	2
1238	1256	2
1242	1243	2
1242	1244	2
1242	1245	2
1243	1244	2
1243	1245	2
1244	1245	2
1247	1248	2
1247	1256	2
1251	1252	2
1251	1253	2
1251	1254	2
1251	1255	2
1252	1253	2
1252	1254	2
1252	1255	2
1253	1254	2
1253	1255	2
1254	1255	2
1257	1258	2
1257	1259	2
1257	1260	2
1258	1259	2
1258	1260	2
1259	1260	2