1	2	139
1	3	67
1	4	6
1	5	50
1	6	28
1	7	128
1	8	29
1	9	13
1	10	21
1	11	60
1	12	14
1	13	40
1	14	10
1	15	7
1	16	2
1	17	109
1	18	30
1	19	112
1	20	91
1	22	5
1	23	17
1	24	21
1	25	2
1	26	2
1	27	8
1	28	57
1	29	16
1	30	36
1	31	9
1	32	61
1	33	23
1	34	25
1	35	6
1	36	48
1	37	6
1	38	43
1	39	4
1	40	10
1	41	36
1	42	6
1	43	6
1	44	21
1	45	24
1	46	30
1	47	6
1	48	80
1	49	25
1	50	4
1	51	15
1	52	22
1	53	8
1	54	37
1	55	20
1	56	13
1	57	17
1	58	28
1	59	33
1	60	21
1	61	19
1	62	12
1	63	40
1	64	1
1	65	21
1	66	10
1	67	4
1	68	12
1	69	14
1	71	2
1	72	2
1	73	7
1	74	4
1	75	4
1	76	9
1	77	6
1	79	4
1	80	9
1	81	5
1	82	10
1	83	4
1	84	12
1	85	2
1	86	4
1	87	8
1	88	3
1	89	1
2	3	122
2	4	7
2	5	40
2	6	39
2	7	239
2	8	37
2	9	13
2	10	26
2	11	88
2	12	13
2	13	120
2	14	18
2	15	16
2	16	9
2	17	229
2	18	59
2	19	74
2	20	46
2	22	8
2	23	24
2	24	26
2	25	7
2	26	7
2	27	6
2	28	219
2	29	31
2	30	135
2	31	46
2	32	94
2	33	37
2	34	67
2	35	11
2	36	119
2	37	10
2	38	107
2	40	8
2	41	45
2	42	8
2	43	8
2	44	35
2	45	79
2	46	68
2	47	13
2	48	36
2	49	35
2	50	11
2	51	35
2	52	31
2	53	13
2	54	76
2	55	16
2	56	7
2	57	5
2	58	9
2	59	76
2	60	84
2	61	29
2	62	23
2	63	23
2	65	17
2	66	12
2	67	2
2	68	30
2	69	9
2	70	6
2	71	2
2	72	2
2	73	6
2	74	2
2	75	2
2	76	11
2	77	8
2	79	7
2	80	2
2	81	9
2	82	53
2	83	4
2	84	4
2	85	3
2	86	5
2	87	14
2	88	3
2	89	6
3	4	57
3	5	25
3	6	68
3	7	93
3	8	23
3	9	7
3	10	11
3	11	26
3	12	6
3	13	38
3	14	13
3	15	7
3	16	7
3	17	74
3	18	27
3	19	43
3	20	20
3	22	7
3	23	15
3	24	12
3	25	7
3	26	7
3	27	4
3	28	39
3	29	11
3	30	23
3	31	9
3	32	48
3	33	16
3	34	34
3	35	3
3	36	37
3	37	3
3	38	21
3	40	6
3	41	41
3	42	5
3	43	5
3	44	17
3	45	106
3	46	23
3	47	5
3	48	23
3	49	22
3	50	3
3	51	14
3	52	12
3	53	27
3	54	75
3	55	12
3	56	5
3	57	5
3	58	5
3	59	30
3	60	15
3	61	19
3	62	12
3	63	19
3	64	1
3	65	11
3	66	4
3	67	2
3	68	16
3	69	11
3	71	2
3	72	2
3	73	6
3	74	1
3	75	1
3	76	9
3	77	7
3	79	14
3	81	5
3	82	6
3	84	2
3	85	1
3	86	4
3	87	23
3	88	2
3	89	5
4	5	1
4	6	5
4	7	6
4	10	1
4	11	3
4	12	1
4	13	3
4	14	2
4	16	1
4	17	7
4	18	1
4	19	3
4	20	1
4	24	2
4	25	1
4	26	1
4	27	1
4	28	3
4	30	2
4	32	1
4	34	3
4	36	3
4	38	2
4	41	1
4	44	1
4	45	4
4	46	2
4	48	5
4	49	3
4	50	1
4	51	1
4	52	1
4	54	2
4	56	1
4	59	2
4	60	1
4	61	1
4	63	2
4	65	3
4	66	1
4	68	2
4	81	1
4	86	1
4	89	1
5	6	18
5	7	45
5	8	13
5	9	9
5	10	9
5	11	16
5	12	1
5	13	17
5	14	4
5	15	4
5	16	1
5	17	49
5	18	15
5	19	52
5	20	20
5	22	7
5	23	4
5	24	6
5	25	1
5	26	1
5	27	2
5	28	28
5	29	9
5	30	10
5	31	2
5	32	28
5	33	19
5	34	18
5	35	3
5	36	24
5	37	3
5	38	11
5	40	5
5	41	20
5	42	2
5	43	2
5	44	8
5	45	13
5	46	15
5	47	3
5	48	10
5	49	16
5	50	3
5	51	8
5	52	10
5	53	5
5	54	21
5	55	93
5	56	1
5	57	3
5	58	2
5	59	14
5	60	12
5	61	12
5	62	8
5	63	7
5	64	1
5	65	9
5	66	5
5	68	7
5	69	6
5	71	1
5	72	1
5	73	2
5	76	5
5	77	5
5	79	2
5	80	1
5	81	2
5	82	5
5	83	2
5	84	4
5	85	1
5	86	2
5	87	3
5	88	1
5	89	1
6	7	60
6	8	56
6	9	42
6	10	8
6	11	14
6	12	2
6	13	14
6	14	4
6	15	4
6	16	1
6	17	41
6	18	13
6	19	26
6	20	10
6	22	3
6	23	3
6	24	9
6	25	1
6	26	1
6	28	17
6	29	7
6	30	15
6	31	3
6	32	23
6	33	10
6	34	18
6	35	1
6	36	27
6	37	4
6	38	11
6	40	5
6	41	15
6	42	3
6	43	3
6	44	10
6	45	59
6	46	12
6	47	5
6	48	11
6	49	12
6	50	2
6	51	6
6	52	13
6	53	4
6	54	15
6	55	6
6	57	4
6	58	6
6	59	16
6	60	11
6	61	12
6	62	4
6	63	6
6	65	8
6	66	3
6	67	1
6	68	8
6	69	2
6	73	1
6	76	4
6	77	3
6	79	2
6	80	2
6	81	3
6	82	4
6	83	2
6	84	2
6	85	1
6	86	1
6	87	2
6	88	1
6	89	1
7	8	61
7	9	42
7	10	28
7	11	73
7	12	37
7	13	123
7	14	22
7	15	12
7	16	12
7	17	227
7	18	52
7	19	94
7	20	32
7	21	18
7	22	26
7	23	20
7	24	17
7	25	9
7	26	9
7	27	9
7	28	109
7	29	123
7	30	72
7	31	14
7	32	113
7	33	72
7	34	45
7	35	48
7	36	110
7	37	5
7	38	101
7	39	2
7	40	9
7	41	125
7	42	5
7	43	5
7	44	27
7	45	35
7	46	36
7	47	18
7	48	39
7	49	29
7	50	6
7	51	102
7	52	45
7	53	10
7	54	119
7	55	20
7	56	73
7	57	8
7	58	34
7	59	46
7	60	34
7	61	19
7	62	25
7	63	13
7	65	21
7	66	57
7	67	28
7	68	48
7	69	10
7	71	60
7	72	60
7	73	10
7	74	27
7	75	27
7	76	9
7	77	5
7	79	5
7	80	1
7	81	6
7	82	8
7	83	3
7	84	4
7	85	24
7	86	4
7	87	13
7	88	4
7	89	4
8	9	42
8	10	8
8	11	10
8	12	3
8	13	14
8	14	6
8	15	4
8	16	3
8	17	31
8	18	11
8	19	21
8	20	10
8	22	5
8	23	4
8	24	6
8	25	3
8	26	3
8	27	3
8	28	23
8	29	13
8	30	10
8	31	4
8	32	24
8	33	8
8	34	8
8	35	6
8	36	18
8	37	2
8	38	19
8	40	4
8	41	16
8	44	12
8	45	9
8	46	10
8	47	4
8	48	16
8	49	15
8	50	6
8	51	15
8	52	10
8	53	4
8	54	20
8	55	5
8	56	3
8	57	4
8	58	2
8	59	14
8	60	10
8	61	11
8	62	5
8	63	7
8	65	5
8	66	4
8	68	7
8	69	11
8	71	2
8	72	2
8	73	5
8	76	7
8	77	4
8	79	2
8	80	2
8	81	4
8	82	4
8	83	2
8	84	2
8	85	1
8	86	1
8	87	1
8	88	1
8	89	4
9	10	2
9	11	8
9	13	6
9	15	2
9	17	14
9	18	4
9	19	9
9	20	4
9	22	2
9	23	1
9	24	5
9	28	7
9	29	3
9	30	4
9	31	1
9	32	9
9	33	6
9	34	5
9	36	9
9	37	2
9	38	4
9	40	2
9	41	6
9	44	3
9	45	5
9	46	7
9	47	2
9	48	6
9	49	4
9	51	3
9	52	4
9	53	3
9	54	8
9	55	4
9	57	3
9	58	1
9	59	7
9	60	7
9	61	5
9	62	1
9	63	2
9	65	2
9	66	1
9	68	4
9	69	2
9	76	2
9	77	2
9	79	1
9	80	1
9	81	1
9	82	1
9	84	2
9	85	1
9	88	1
10	11	6
10	12	4
10	13	14
10	14	4
10	15	2
10	16	1
10	17	26
10	18	8
10	19	16
10	20	5
10	22	1
10	23	4
10	24	5
10	25	1
10	26	1
10	27	1
10	28	8
10	29	8
10	30	14
10	31	1
10	32	18
10	33	6
10	34	7
10	35	4
10	36	12
10	37	1
10	38	8
10	40	1
10	41	9
10	42	5
10	43	5
10	44	14
10	45	4
10	46	5
10	47	20
10	48	9
10	49	7
10	50	2
10	51	4
10	52	6
10	53	2
10	54	9
10	55	6
10	56	1
10	57	1
10	58	4
10	59	10
10	60	5
10	61	5
10	62	2
10	63	2
10	65	12
10	66	1
10	68	5
10	69	1
10	71	1
10	72	1
10	73	4
10	76	4
10	77	2
10	79	2
10	80	1
10	81	1
10	82	2
10	83	2
10	84	2
10	86	1
10	87	3
10	89	2
11	12	4
11	13	23
11	14	1
11	15	3
11	16	1
11	17	135
11	18	15
11	19	25
11	20	19
11	22	3
11	23	10
11	24	98
11	25	1
11	26	1
11	27	1
11	28	34
11	29	5
11	30	14
11	31	3
11	32	28
11	33	15
11	34	9
11	35	2
11	36	27
11	37	3
11	38	13
11	40	6
11	41	14
11	42	5
11	43	5
11	44	13
11	45	16
11	46	86
11	47	5
11	48	58
11	49	13
11	50	3
11	51	18
11	52	13
11	53	5
11	54	14
11	55	11
11	56	3
11	57	3
11	58	3
11	59	21
11	60	13
11	61	14
11	62	4
11	63	6
11	64	1
11	65	10
11	66	5
11	67	1
11	68	8
11	69	4
11	74	1
11	75	1
11	76	3
11	77	2
11	79	1
11	81	1
11	82	3
11	84	2
11	86	2
11	87	4
11	88	1
11	89	1
12	13	3
12	14	2
12	17	15
12	18	3
12	19	31
12	20	1
12	22	1
12	23	5
12	24	2
12	27	1
12	28	3
12	29	2
12	30	8
12	32	7
12	33	2
12	34	3
12	35	2
12	36	6
12	38	5
12	40	1
12	41	3
12	42	1
12	43	1
12	44	3
12	45	1
12	46	2
12	48	5
12	49	2
12	50	1
12	51	1
12	53	1
12	54	2
12	55	1
12	56	101
12	58	27
12	59	2
12	62	1
12	63	1
12	65	4
12	68	29
12	69	1
12	73	3
12	76	1
12	81	1
12	83	1
12	85	1
12	87	1
12	89	1
13	14	26
13	15	24
13	16	22
13	17	126
13	18	23
13	19	20
13	20	15
13	22	3
13	23	5
13	24	13
13	25	8
13	26	8
13	27	2
13	28	27
13	29	21
13	30	27
13	31	36
13	32	29
13	33	13
13	34	16
13	35	6
13	36	25
13	37	4
13	38	17
13	40	4
13	41	19
13	42	4
13	43	4
13	44	20
13	45	23
13	46	24
13	47	10
13	48	17
13	49	20
13	50	2
13	51	14
13	52	8
13	53	4
13	54	21
13	55	8
13	56	22
13	57	4
13	58	3
13	59	20
13	60	11
13	61	11
13	62	10
13	63	8
13	65	8
13	66	6
13	68	6
13	69	10
13	73	2
13	76	9
13	77	5
13	79	4
13	80	2
13	81	3
13	82	4
13	83	1
13	84	2
13	85	2
13	86	2
13	87	4
13	88	1
13	89	1
14	15	20
14	16	20
14	17	20
14	18	9
14	19	9
14	20	3
14	22	1
14	23	1
14	24	2
14	25	6
14	26	6
14	27	2
14	28	4
14	29	4
14	30	12
14	31	2
14	32	13
14	33	5
14	34	5
14	35	2
14	36	11
14	38	1
14	39	1
14	40	1
14	41	6
14	42	1
14	43	1
14	44	8
14	45	7
14	46	3
14	47	1
14	48	4
14	49	3
14	50	1
14	51	3
14	52	3
14	54	10
14	56	1
14	57	1
14	58	1
14	59	8
14	60	3
14	61	2
14	62	7
14	63	5
14	65	3
14	66	2
14	68	3
14	69	2
14	73	2
14	76	4
14	77	2
14	81	2
14	82	1
14	85	1
14	86	2
14	87	1
14	89	2
15	16	20
15	17	11
15	18	7
15	19	5
15	20	5
15	22	2
15	23	1
15	24	2
15	25	6
15	26	6
15	28	6
15	29	3
15	30	7
15	31	2
15	32	11
15	33	4
15	34	7
15	36	6
15	37	32
15	38	32
15	40	1
15	41	6
15	44	7
15	45	7
15	46	5
15	47	2
15	48	2
15	49	4
15	51	4
15	52	3
15	53	1
15	54	5
15	55	1
15	57	1
15	58	1
15	59	6
15	60	3
15	61	2
15	62	2
15	63	3
15	65	1
15	68	1
15	69	2
15	73	2
15	76	5
15	77	3
15	79	1
15	81	1
15	82	1
15	84	1
15	85	1
16	17	11
16	18	6
16	19	2
16	20	2
16	22	1
16	24	1
16	25	19
16	26	19
16	27	1
16	28	3
16	29	2
16	30	6
16	31	1
16	32	4
16	33	2
16	34	3
16	36	4
16	38	2
16	41	4
16	44	5
16	45	5
16	46	3
16	47	3
16	48	2
16	49	2
16	50	1
16	51	3
16	52	2
16	54	3
16	59	5
16	60	2
16	61	2
16	62	2
16	63	2
16	66	4
16	69	2
16	73	2
16	76	2
16	78	3
16	82	1
16	85	1
17	18	61
17	19	77
17	20	34
17	22	13
17	23	20
17	24	93
17	25	8
17	26	8
17	27	14
17	28	72
17	29	36
17	30	129
17	31	48
17	32	91
17	33	42
17	34	28
17	35	18
17	36	211
17	37	4
17	38	43
17	39	3
17	40	17
17	41	50
17	42	11
17	43	11
17	44	43
17	45	35
17	46	43
17	47	9
17	48	106
17	49	28
17	50	94
17	51	23
17	52	24
17	53	12
17	54	83
17	55	19
17	56	14
17	57	7
17	58	10
17	59	54
17	60	91
17	61	26
17	62	23
17	63	14
17	64	1
17	65	27
17	66	17
17	67	30
17	68	20
17	69	19
17	73	10
17	74	27
17	75	27
17	76	10
17	77	7
17	79	4
17	80	3
17	81	11
17	82	14
17	83	4
17	84	5
17	85	3
17	86	6
17	87	12
17	88	2
17	89	7
18	19	90
18	20	15
18	22	2
18	23	2
18	24	7
18	25	4
18	26	4
18	27	2
18	28	25
18	29	12
18	30	15
18	31	7
18	32	82
18	33	8
18	34	14
18	35	5
18	36	21
18	37	3
18	38	15
18	40	47
18	41	60
18	42	5
18	43	5
18	44	17
18	45	16
18	46	11
18	47	9
18	48	17
18	49	12
18	50	7
18	51	14
18	52	10
18	53	3
18	54	68
18	55	4
18	56	4
18	57	5
18	58	4
18	59	21
18	60	8
18	61	11
18	62	5
18	63	7
18	65	5
18	66	5
18	68	8
18	69	6
18	71	2
18	72	2
18	73	1
18	76	5
18	77	2
18	79	2
18	81	2
18	82	5
18	83	1
18	84	1
18	86	3
18	87	6
18	88	1
19	20	19
19	22	3
19	23	8
19	24	13
19	25	2
19	26	2
19	27	5
19	28	37
19	29	13
19	30	23
19	31	4
19	32	112
19	33	25
19	34	23
19	35	6
19	36	38
19	37	5
19	38	22
19	40	37
19	41	57
19	42	7
19	43	7
19	44	21
19	45	17
19	46	20
19	47	7
19	48	23
19	49	16
19	50	5
19	51	16
19	52	15
19	53	7
19	54	25
19	55	10
19	56	2
19	57	4
19	58	30
19	59	26
19	60	16
19	61	16
19	62	12
19	63	56
19	64	2
19	65	19
19	66	6
19	68	36
19	69	4
19	71	2
19	72	2
19	73	1
19	76	5
19	77	4
19	79	3
19	80	2
19	81	4
19	82	8
19	83	2
19	84	4
19	85	2
19	86	5
19	87	6
19	88	20
19	89	3
20	22	2
20	23	9
20	24	12
20	25	2
20	26	2
20	27	6
20	28	21
20	29	12
20	30	9
20	31	3
20	32	74
20	33	15
20	34	6
20	35	2
20	36	27
20	37	4
20	38	19
20	39	2
20	40	6
20	41	18
20	42	5
20	43	5
20	44	14
20	45	14
20	46	11
20	47	3
20	48	11
20	49	12
20	50	5
20	51	10
20	52	12
20	53	3
20	54	12
20	55	8
20	56	5
20	57	2
20	58	7
20	59	18
20	60	10
20	61	11
20	62	4
20	63	2
20	65	5
20	66	1
20	67	3
20	68	4
20	69	5
20	73	3
20	74	3
20	75	3
20	76	5
20	77	3
20	79	2
20	81	2
20	82	6
20	83	1
20	84	1
20	86	1
20	87	4
20	88	1
21	22	18
22	23	1
22	24	1
22	28	5
22	29	2
22	30	1
22	31	3
22	32	5
22	33	2
22	34	3
22	35	1
22	36	6
22	37	1
22	38	2
22	40	2
22	41	4
22	44	1
22	45	2
22	46	4
22	48	2
22	49	2
22	51	3
22	52	2
22	53	3
22	54	6
22	55	4
22	58	2
22	59	5
22	60	4
22	61	2
22	62	2
22	63	1
22	67	1
22	68	5
22	69	2
22	71	1
22	72	1
22	73	1
22	82	1
23	24	5
23	27	3
23	28	14
23	29	3
23	30	1
23	31	1
23	32	60
23	33	4
23	34	6
23	35	1
23	36	10
23	37	1
23	38	9
23	40	1
23	41	8
23	42	3
23	43	3
23	44	7
23	45	6
23	46	6
23	47	3
23	48	7
23	49	4
23	51	2
23	52	3
23	53	1
23	54	3
23	55	2
23	57	1
23	59	5
23	60	2
23	61	3
23	62	1
23	63	2
23	64	1
23	65	6
23	66	1
23	68	2
23	73	1
23	76	3
23	77	2
23	79	1
23	82	1
23	84	1
23	87	3
24	25	1
24	26	1
24	27	1
24	28	20
24	29	4
24	30	12
24	31	2
24	32	17
24	33	5
24	34	4
24	35	1
24	36	14
24	37	2
24	38	8
24	40	2
24	41	11
24	42	4
24	43	4
24	44	9
24	45	9
24	46	11
24	47	3
24	48	12
24	49	6
24	50	3
24	51	4
24	52	6
24	53	3
24	54	6
24	55	3
24	56	2
24	57	3
24	58	3
24	59	13
24	60	8
24	61	6
24	62	1
24	63	4
24	65	6
24	66	2
24	68	2
24	69	6
24	73	1
24	76	3
24	77	2
24	79	1
24	81	1
24	82	1
24	83	2
24	84	2
24	86	3
24	87	3
24	88	1
24	89	1
25	26	19
25	27	1
25	28	3
25	29	2
25	30	4
25	31	1
25	32	2
25	33	1
25	34	1
25	36	2
25	38	2
25	41	3
25	44	4
25	45	5
25	46	2
25	47	2
25	48	2
25	49	2
25	50	1
25	51	2
25	52	1
25	54	2
25	59	5
25	60	2
25	61	2
25	62	1
25	63	2
25	66	4
25	69	2
25	73	2
25	76	1
25	82	1
25	85	1
26	27	1
26	28	3
26	29	2
26	30	4
26	31	1
26	32	2
26	33	1
26	34	1
26	36	2
26	38	2
26	41	3
26	44	4
26	45	5
26	46	2
26	47	2
26	48	2
26	49	2
26	50	1
26	51	2
26	52	1
26	54	2
26	59	5
26	60	2
26	61	2
26	62	1
26	63	2
26	66	4
26	69	2
26	73	2
26	76	1
26	82	1
26	85	1
27	28	4
27	29	4
27	30	2
27	32	4
27	33	3
27	35	2
27	36	4
27	38	6
27	39	51
27	40	52
27	41	2
27	44	2
27	45	2
27	46	1
27	48	3
27	49	1
27	50	2
27	51	2
27	52	2
27	54	1
27	56	1
27	59	2
27	60	1
27	61	2
27	62	1
27	63	1
27	65	1
27	66	1
27	67	2
27	68	3
27	71	1
27	72	1
27	74	2
27	75	2
27	82	1
27	86	1
27	88	1
28	29	9
28	30	13
28	31	7
28	32	37
28	33	14
28	34	18
28	35	2
28	36	32
28	37	6
28	38	134
28	39	1
28	40	7
28	41	23
28	42	5
28	43	5
28	44	21
28	45	17
28	46	24
28	47	8
28	48	16
28	49	16
28	50	4
28	51	10
28	52	11
28	53	5
28	54	68
28	55	16
28	56	1
28	57	3
28	58	2
28	59	21
28	60	21
28	61	16
28	62	5
28	63	5
28	65	14
28	66	55
28	67	1
28	68	10
28	69	3
28	74	1
28	75	1
28	76	5
28	77	3
28	79	5
28	80	1
28	81	6
28	82	5
28	83	3
28	84	3
28	86	2
28	87	8
28	88	1
28	89	1
29	30	15
29	31	2
29	32	19
29	33	5
29	34	9
29	35	91
29	36	54
29	37	2
29	38	7
29	40	1
29	41	8
29	42	1
29	43	1
29	44	11
29	45	8
29	46	9
29	47	3
29	48	10
29	49	44
29	51	9
29	52	4
29	53	2
29	54	17
29	55	5
29	56	3
29	57	1
29	58	3
29	59	13
29	60	13
29	61	7
29	62	5
29	63	3
29	65	6
29	66	4
29	67	1
29	68	6
29	69	3
29	71	1
29	72	1
29	73	4
29	74	1
29	75	1
29	76	4
29	77	3
29	79	1
29	81	2
29	82	3
29	83	1
29	84	3
29	86	1
29	87	2
29	89	1
30	31	3
30	32	42
30	33	19
30	34	11
30	35	8
30	36	25
30	37	2
30	38	12
30	40	3
30	41	15
30	42	5
30	43	5
30	44	17
30	45	12
30	46	15
30	47	5
30	48	21
30	49	7
30	50	3
30	51	5
30	52	6
30	53	2
30	54	17
30	55	7
30	56	7
30	57	1
30	58	3
30	59	16
30	60	9
30	61	8
30	62	12
30	63	3
30	65	12
30	66	3
30	67	3
30	68	10
30	69	3
30	73	9
30	74	3
30	75	3
30	76	5
30	77	3
30	79	1
30	80	1
30	81	5
30	82	1
30	83	3
30	84	1
30	85	24
30	86	3
30	87	3
30	88	2
30	89	5
31	32	7
31	33	2
31	34	3
31	36	7
31	37	1
31	38	5
31	40	2
31	41	8
31	44	4
31	45	6
31	46	5
31	48	4
31	49	2
31	50	2
31	52	3
31	53	1
31	54	40
31	55	1
31	56	7
31	57	1
31	59	7
31	60	8
31	61	3
31	62	2
31	63	2
31	65	1
31	66	3
31	67	1
31	69	2
31	73	1
31	74	1
31	75	1
31	76	2
31	79	1
31	82	1
31	84	1
31	87	1
31	89	1
32	33	63
32	34	24
32	35	10
32	36	42
32	37	7
32	38	23
32	40	40
32	41	162
32	42	8
32	43	8
32	44	25
32	45	21
32	46	19
32	47	9
32	48	29
32	49	16
32	50	12
32	51	19
32	52	24
32	53	6
32	54	82
32	55	11
32	56	6
32	57	5
32	58	5
32	59	28
32	60	14
32	61	23
32	62	15
32	63	10
32	65	15
32	66	6
32	67	2
32	68	12
32	69	10
32	71	3
32	72	3
32	73	10
32	74	2
32	75	2
32	76	5
32	77	2
32	79	1
32	80	1
32	81	6
32	82	5
32	83	2
32	84	3
32	85	3
32	86	2
32	87	5
32	88	1
32	89	10
33	34	6
33	35	3
33	36	23
33	37	2
33	38	10
33	40	4
33	41	16
33	44	6
33	45	8
33	46	13
33	47	3
33	48	20
33	49	4
33	50	3
33	51	5
33	52	6
33	53	2
33	54	12
33	55	8
33	56	4
33	57	3
33	59	12
33	60	8
33	61	8
33	62	2
33	63	6
33	64	1
33	65	6
33	66	1
33	67	2
33	68	10
33	69	1
33	73	3
33	74	2
33	75	2
33	76	2
33	77	1
33	79	2
33	80	1
33	81	1
33	82	1
33	83	1
33	84	2
33	85	3
33	87	1
33	88	1
33	89	1
34	35	1
34	36	14
34	37	5
34	38	10
34	41	16
34	42	1
34	43	1
34	44	8
34	45	10
34	46	12
34	47	4
34	48	5
34	49	13
34	51	9
34	52	7
34	53	2
34	54	12
34	55	11
34	56	2
34	57	1
34	58	3
34	59	9
34	60	9
34	61	9
34	62	5
34	63	7
34	64	1
34	65	9
34	66	2
34	68	4
34	69	1
34	73	2
34	76	6
34	77	5
34	79	1
34	81	2
34	82	5
34	83	2
34	84	2
34	85	2
34	86	1
34	87	4
35	36	40
35	38	2
35	41	1
35	44	4
35	45	2
35	46	2
35	47	2
35	48	5
35	51	2
35	52	1
35	53	1
35	54	9
35	55	1
35	56	2
35	58	1
35	59	2
35	60	2
35	61	1
35	62	2
35	63	1
35	65	3
35	66	2
35	67	1
35	68	3
35	69	1
35	71	1
35	72	1
35	73	3
35	74	1
35	75	1
35	81	1
35	83	1
35	86	1
35	87	1
36	37	4
36	38	22
36	40	9
36	41	31
36	42	5
36	43	5
36	44	19
36	45	19
36	46	21
36	47	5
36	48	65
36	49	20
36	50	6
36	51	12
36	52	16
36	53	5
36	54	30
36	55	10
36	56	1
36	57	2
36	58	59
36	59	97
36	60	79
36	61	15
36	62	12
36	63	9
36	64	1
36	65	13
36	66	10
36	67	2
36	68	10
36	69	3
36	73	2
36	74	2
36	75	2
36	76	4
36	77	3
36	79	1
36	80	1
36	81	5
36	82	13
36	83	2
36	84	3
36	85	1
36	86	3
36	87	6
36	88	3
36	89	2
37	38	32
37	40	1
37	41	3
37	44	5
37	45	4
37	46	4
37	47	1
37	48	1
37	49	3
37	51	2
37	52	2
37	53	1
37	54	3
37	55	1
37	57	1
37	58	1
37	59	4
37	60	3
37	61	2
37	63	1
37	65	1
37	68	1
37	76	3
37	77	3
37	79	1
37	81	1
37	82	1
37	84	1
38	39	2
38	40	4
38	41	15
38	42	5
38	43	5
38	44	18
38	45	9
38	46	11
38	47	3
38	48	9
38	49	6
38	50	4
38	51	9
38	52	8
38	53	2
38	54	12
38	55	5
38	56	68
38	57	2
38	58	1
38	59	19
38	60	9
38	61	7
38	62	4
38	63	3
38	65	6
38	66	3
38	67	2
38	68	7
38	69	1
38	73	1
38	74	2
38	75	2
38	76	4
38	77	3
38	79	22
38	80	1
38	81	4
38	82	6
38	83	3
38	84	1
38	86	1
38	87	4
38	88	1
38	89	1
39	40	51
39	56	1
39	67	2
39	74	2
39	75	2
39	82	1
40	41	81
40	44	3
40	45	7
40	46	3
40	47	1
40	48	7
40	49	4
40	50	6
40	51	2
40	52	5
40	53	1
40	54	3
40	55	2
40	56	4
40	57	1
40	58	3
40	59	8
40	60	1
40	61	4
40	62	1
40	63	1
40	65	1
40	66	1
40	67	2
40	68	3
40	69	1
40	74	2
40	75	2
40	76	2
40	77	2
40	81	1
40	82	4
40	87	1
41	42	2
41	43	2
41	44	10
41	45	13
41	46	14
41	47	13
41	48	22
41	49	12
41	50	9
41	51	9
41	52	17
41	53	3
41	54	14
41	55	8
41	56	3
41	57	2
41	58	78
41	59	19
41	60	8
41	61	12
41	62	3
41	63	5
41	65	9
41	66	2
41	68	6
41	69	9
41	73	12
41	76	7
41	77	5
41	79	2
41	81	2
41	82	7
41	83	1
41	84	1
41	86	1
41	87	4
41	88	2
41	89	2
42	43	21
42	44	21
42	45	2
42	48	2
42	49	2
42	51	1
42	52	2
42	53	2
42	55	2
42	59	4
42	60	2
42	62	1
42	65	4
42	76	1
42	86	2
42	87	2
43	44	21
43	45	2
43	48	2
43	49	2
43	51	1
43	52	2
43	53	2
43	55	2
43	59	4
43	60	2
43	62	1
43	65	4
43	76	1
43	86	2
43	87	2
44	45	12
44	46	13
44	47	1
44	48	9
44	49	11
44	50	4
44	51	9
44	52	7
44	53	3
44	54	11
44	55	6
44	56	3
44	57	2
44	58	2
44	59	20
44	60	10
44	61	6
44	62	4
44	63	2
44	65	11
44	66	5
44	68	4
44	69	2
44	73	1
44	76	6
44	77	3
44	79	2
44	80	1
44	81	4
44	82	2
44	83	2
44	84	2
44	86	6
44	87	6
44	88	1
44	89	3
45	46	11
45	47	4
45	48	11
45	49	60
45	50	2
45	51	8
45	52	7
45	53	3
45	54	14
45	55	7
45	57	3
45	58	3
45	59	14
45	60	10
45	61	10
45	62	10
45	63	15
45	65	8
45	66	3
45	67	1
45	68	9
45	69	2
45	73	1
45	76	8
45	77	6
45	79	1
45	81	4
45	82	1
45	84	2
45	85	1
45	86	1
45	87	5
45	89	2
46	47	2
46	48	13
46	49	11
46	50	1
46	51	8
46	52	7
46	53	5
46	54	15
46	55	10
46	57	3
46	58	3
46	59	20
46	60	15
46	61	13
46	62	2
46	63	5
46	64	1
46	65	7
46	66	3
46	67	1
46	68	9
46	69	3
46	73	1
46	74	1
46	75	1
46	76	3
46	77	2
46	79	3
46	80	1
46	81	3
46	82	5
46	83	1
46	84	2
46	86	1
46	87	2
46	89	1
47	48	4
47	49	2
47	50	1
47	51	3
47	52	4
47	54	5
47	55	1
47	58	1
47	59	3
47	60	2
47	61	2
47	62	2
47	64	1
47	65	1
47	66	2
47	68	3
47	73	2
47	76	2
47	77	2
47	79	1
47	81	1
47	82	1
47	84	2
48	49	10
48	50	4
48	51	8
48	52	6
48	53	4
48	54	13
48	55	5
48	56	2
48	57	1
48	58	2
48	59	18
48	60	6
48	61	7
48	62	5
48	63	6
48	64	1
48	65	8
48	66	3
48	67	1
48	68	7
48	69	6
48	71	2
48	72	2
48	73	4
48	74	1
48	75	1
48	76	3
48	77	1
48	79	2
48	81	2
48	82	4
48	84	2
48	86	1
48	87	5
48	88	2
48	89	1
49	51	14
49	52	6
49	53	4
49	54	13
49	55	10
49	56	2
49	57	1
49	58	2
49	59	16
49	60	11
49	61	11
49	62	6
49	63	9
49	65	7
49	66	3
49	67	1
49	68	5
49	69	2
49	73	2
49	76	48
49	77	44
49	79	1
49	81	2
49	82	4
49	84	2
49	86	2
49	87	2
49	89	1
50	51	2
50	52	5
50	54	3
50	56	3
50	58	2
50	59	7
50	60	2
50	61	7
50	65	1
50	66	2
50	67	1
50	69	5
50	73	2
50	74	1
50	75	1
50	82	4
50	89	1
51	52	9
51	53	3
51	54	11
51	55	4
51	56	1
51	57	1
51	58	4
51	59	7
51	60	6
51	61	9
51	62	5
51	63	4
51	65	1
51	66	3
51	67	1
51	68	7
51	69	3
51	71	60
51	72	60
51	73	1
51	76	4
51	77	2
51	79	1
51	81	1
51	83	1
51	84	1
51	85	1
51	86	1
52	53	3
52	54	9
52	55	3
52	56	1
52	57	1
52	58	3
52	59	11
52	60	6
52	61	72
52	62	4
52	63	2
52	66	2
52	68	2
52	69	5
52	73	4
52	76	2
52	77	1
52	81	1
52	82	5
52	83	1
53	54	6
53	55	2
53	57	1
53	59	5
53	60	5
53	61	4
53	65	1
53	66	1
53	67	1
53	68	3
53	69	2
53	71	1
53	72	1
53	73	1
53	74	1
53	75	1
53	76	2
53	77	1
53	81	1
53	87	2
54	55	8
54	56	5
54	57	4
54	58	3
54	59	16
54	60	19
54	61	12
54	62	9
54	63	5
54	64	1
54	65	9
54	66	53
54	67	1
54	68	10
54	69	8
54	71	3
54	72	3
54	73	5
54	74	1
54	75	1
54	76	6
54	77	4
54	79	2
54	81	5
54	82	4
54	83	2
54	84	4
54	86	1
54	87	2
54	89	1
55	56	1
55	59	7
55	60	5
55	61	7
55	62	3
55	63	2
55	65	7
55	66	2
55	68	3
55	69	4
55	73	1
55	76	3
55	77	3
55	79	1
55	82	2
55	83	1
55	84	2
55	87	3
56	57	1
56	59	2
56	62	2
56	65	2
56	67	2
56	68	2
56	73	3
56	74	2
56	75	2
56	81	1
56	89	1
57	58	1
57	59	2
57	60	2
57	61	1
57	63	1
57	65	2
57	66	2
57	69	1
57	76	1
57	77	1
57	81	1
57	82	1
57	87	1
58	59	2
58	60	1
58	61	2
58	62	2
58	63	1
58	68	28
58	69	3
58	73	4
58	76	2
58	77	2
58	81	2
58	82	1
58	83	1
58	85	1
58	86	1
59	60	45
59	61	12
59	62	6
59	63	8
59	65	9
59	66	6
59	68	28
59	69	4
59	73	1
59	76	5
59	77	3
59	79	3
59	80	2
59	81	2
59	82	9
59	83	1
59	84	3
59	85	1
59	86	1
59	87	9
59	88	2
59	89	3
60	61	9
60	62	4
60	63	4
60	65	6
60	66	6
60	67	1
60	68	5
60	69	1
60	74	1
60	75	1
60	76	2
60	77	2
60	79	1
60	80	1
60	81	2
60	82	6
60	84	3
60	85	2
60	87	1
60	88	1
61	62	4
61	63	4
61	65	3
61	66	5
61	67	1
61	68	4
61	69	6
61	73	2
61	74	1
61	75	1
61	76	4
61	77	3
61	79	1
61	81	1
61	82	5
61	84	3
62	63	3
62	65	1
62	66	3
62	68	3
62	69	1
62	71	1
62	72	1
62	73	1
62	76	3
62	77	3
62	81	2
62	82	1
62	83	1
62	84	1
62	85	1
62	86	3
62	89	1
63	65	1
63	66	1
63	68	2
63	69	2
63	71	1
63	72	1
63	73	1
63	76	3
63	77	2
63	80	1
63	81	2
63	82	2
63	85	1
63	86	1
63	88	1
63	89	1
64	82	1
65	66	1
65	68	2
65	76	2
65	77	1
65	79	1
65	81	4
65	84	2
65	87	6
65	88	1
65	89	1
66	68	1
66	76	1
66	81	1
66	84	1
66	86	2
66	87	1
66	89	1
67	68	1
67	74	27
67	75	27
67	76	1
67	77	1
68	69	1
68	71	1
68	72	1
68	73	1
68	74	1
68	75	1
68	76	2
68	77	2
68	79	1
68	81	1
68	83	1
68	84	1
68	85	1
68	87	2
68	89	2
69	73	5
69	76	1
69	79	1
69	82	1
69	83	2
69	87	2
71	72	60
71	73	1
72	73	1
73	76	2
73	77	1
73	83	2
73	89	1
74	75	27
76	77	44
76	79	1
76	81	1
76	82	1
76	84	1
76	86	1
76	87	1
77	79	1
77	81	1
77	82	1
77	84	1
77	86	1
79	80	1
79	81	1
79	82	1
79	83	1
79	84	1
79	87	5
80	81	1
80	83	1
80	85	1
80	88	1
81	82	1
81	83	1
81	86	1
83	85	1
83	89	1
85	88	1
86	88	1
86	89	1
87	88	1