1	2	3
1	3	456
1	4	5
1	5	102
1	7	33
1	8	2
1	11	9
1	12	18
1	13	25
1	14	12
1	15	3
1	16	16
1	17	24
1	18	14
1	19	114
1	20	22
1	21	2
1	22	34
1	23	11
1	24	101
1	25	78
1	26	25
1	27	5
1	28	11
1	29	2
1	30	12
1	31	1
1	32	11
1	33	14
1	34	11
1	35	11
1	36	43
1	37	23
1	38	30
1	39	2
1	40	30
1	41	18
1	42	10
1	43	7
1	44	16
1	45	7
1	46	5
1	47	2
1	48	10
1	50	2
1	51	4
1	52	4
1	53	6
1	54	19
1	55	9
1	56	16
1	57	2
1	58	248
1	59	4
1	60	6
1	61	9
1	62	5
1	63	9
1	65	2
1	66	3
1	67	2
1	68	22
1	69	5
1	70	15
1	71	14
1	72	12
1	73	4
1	75	8
1	76	9
1	77	13
1	78	3
1	80	37
1	81	2
1	82	4
1	83	6
1	84	6
1	85	12
1	87	3
1	88	1
1	89	16
1	91	6
1	93	4
1	94	9
1	95	1
1	96	2
1	97	6
1	98	7
1	99	11
1	100	6
1	101	12
1	102	5
1	103	5
1	104	3
1	105	1
1	106	17
1	107	9
1	108	24
1	110	1
1	111	2
1	112	10
1	113	13
1	114	13
1	115	1
1	117	9
1	118	6
2	3	1
2	5	1
2	7	1
2	11	1
2	13	2
2	19	1
2	24	1
2	25	1
2	32	1
2	33	1
2	40	1
2	44	1
2	48	1
2	58	1
2	70	1
2	71	1
2	77	1
2	80	1
2	84	1
2	106	1
2	114	1
3	4	10
3	5	106
3	6	1
3	7	42
3	8	1
3	11	10
3	12	10
3	13	22
3	14	12
3	15	2
3	16	14
3	17	24
3	18	10
3	19	83
3	20	19
3	21	3
3	22	39
3	23	12
3	24	113
3	25	66
3	26	25
3	27	4
3	28	11
3	29	3
3	30	15
3	31	1
3	32	8
3	33	17
3	34	10
3	35	10
3	36	37
3	37	25
3	38	30
3	39	2
3	40	32
3	41	14
3	42	11
3	43	3
3	44	18
3	45	5
3	46	7
3	47	2
3	48	18
3	51	2
3	52	4
3	53	6
3	54	21
3	55	8
3	56	20
3	57	6
3	58	251
3	59	4
3	60	7
3	61	3
3	62	7
3	63	8
3	65	2
3	66	4
3	67	5
3	68	22
3	70	10
3	71	8
3	72	11
3	73	4
3	75	7
3	76	3
3	77	13
3	78	4
3	80	38
3	81	1
3	82	5
3	83	7
3	84	6
3	85	9
3	86	7
3	87	6
3	88	1
3	89	18
3	90	3
3	91	10
3	93	3
3	94	6
3	95	1
3	96	2
3	97	6
3	98	8
3	99	9
3	100	4
3	101	12
3	102	5
3	103	6
3	104	2
3	105	4
3	106	15
3	107	9
3	108	27
3	110	1
3	111	4
3	112	9
3	113	12
3	114	12
3	115	1
3	117	15
3	118	7
4	5	2
4	16	2
4	19	1
4	22	1
4	23	1
4	24	1
4	25	2
4	36	1
4	37	2
4	38	2
4	41	1
4	44	2
4	58	4
4	68	1
4	73	1
4	77	1
4	80	2
4	87	1
4	89	1
4	106	1
4	108	1
5	7	11
5	11	3
5	12	5
5	13	9
5	14	3
5	16	6
5	17	7
5	18	4
5	19	25
5	20	8
5	22	15
5	23	8
5	24	24
5	25	24
5	26	11
5	27	1
5	29	1
5	30	6
5	31	1
5	32	3
5	33	11
5	34	3
5	35	1
5	36	11
5	37	8
5	38	12
5	39	2
5	40	12
5	41	2
5	42	4
5	43	3
5	44	10
5	45	1
5	46	3
5	47	2
5	48	5
5	51	1
5	53	4
5	54	4
5	55	3
5	56	7
5	57	2
5	58	76
5	59	2
5	60	2
5	61	1
5	62	1
5	63	2
5	65	1
5	66	1
5	67	2
5	68	10
5	70	8
5	71	5
5	73	2
5	75	4
5	76	1
5	77	7
5	78	1
5	80	8
5	81	2
5	82	2
5	83	4
5	84	2
5	85	2
5	87	4
5	89	7
5	91	7
5	93	2
5	94	1
5	95	1
5	97	1
5	98	1
5	99	2
5	100	1
5	101	3
5	102	1
5	103	3
5	104	1
5	105	2
5	106	7
5	108	9
5	111	1
5	112	3
5	113	4
5	114	4
5	115	1
5	117	4
5	118	1
6	18	1
6	24	1
6	36	1
6	58	2
6	63	1
6	77	1
7	11	1
7	12	1
7	13	10
7	14	2
7	17	4
7	18	2
7	19	9
7	20	2
7	23	3
7	24	14
7	25	8
7	26	3
7	28	1
7	30	2
7	32	2
7	33	2
7	34	1
7	36	4
7	37	2
7	38	2
7	39	1
7	40	4
7	41	3
7	44	4
7	46	1
7	47	1
7	48	3
7	53	1
7	55	2
7	56	4
7	57	1
7	58	33
7	60	1
7	61	1
7	63	2
7	65	1
7	68	2
7	70	2
7	71	3
7	77	3
7	78	1
7	80	2
7	81	1
7	84	1
7	85	2
7	87	1
7	89	3
7	91	2
7	93	1
7	98	2
7	99	2
7	100	1
7	101	2
7	102	1
7	103	2
7	104	1
7	106	2
7	107	2
7	108	2
7	111	1
7	112	4
7	113	2
7	114	1
7	117	2
7	118	1
8	25	1
8	36	1
8	38	1
8	52	1
8	58	1
8	61	1
8	100	1
8	114	2
11	12	1
11	13	2
11	14	1
11	16	2
11	17	1
11	19	4
11	22	1
11	23	1
11	24	7
11	25	3
11	29	2
11	30	2
11	31	1
11	32	1
11	33	2
11	34	1
11	36	2
11	37	1
11	38	1
11	40	2
11	43	1
11	44	2
11	46	1
11	48	1
11	55	1
11	57	1
11	58	8
11	67	1
11	68	2
11	70	2
11	71	2
11	73	1
11	77	1
11	80	3
11	81	1
11	82	1
11	83	1
11	84	1
11	87	1
11	89	1
11	93	1
11	103	1
11	106	2
11	108	1
11	111	1
11	113	2
11	114	1
12	13	2
12	14	1
12	16	2
12	17	2
12	18	1
12	19	7
12	23	2
12	24	3
12	25	8
12	29	1
12	30	1
12	33	2
12	34	1
12	36	2
12	37	2
12	38	2
12	40	1
12	42	1
12	44	2
12	46	2
12	54	1
12	55	1
12	56	1
12	57	1
12	58	5
12	67	1
12	68	3
12	70	2
12	71	1
12	77	1
12	80	2
12	82	1
12	83	2
12	87	2
12	89	2
12	93	1
12	96	1
12	101	1
12	103	3
12	106	1
12	108	1
12	111	1
12	113	1
13	14	1
13	17	1
13	19	8
13	20	1
13	22	1
13	23	2
13	24	6
13	25	6
13	26	2
13	30	1
13	32	2
13	33	2
13	36	1
13	39	1
13	40	5
13	41	1
13	42	2
13	43	1
13	44	2
13	48	2
13	55	2
13	56	3
13	57	2
13	58	13
13	60	1
13	65	1
13	68	3
13	70	2
13	71	2
13	72	1
13	73	1
13	75	1
13	76	1
13	77	2
13	78	2
13	80	2
13	84	1
13	85	2
13	89	1
13	91	1
13	94	1
13	97	1
13	99	1
13	101	1
13	103	1
13	106	2
13	107	1
13	111	1
13	113	3
13	114	2
13	115	1
14	16	1
14	17	2
14	19	3
14	20	2
14	23	2
14	24	3
14	25	4
14	26	2
14	29	1
14	30	2
14	32	1
14	33	1
14	34	1
14	36	2
14	37	1
14	38	1
14	39	1
14	40	3
14	41	4
14	44	2
14	46	1
14	48	1
14	55	2
14	56	1
14	58	6
14	60	1
14	65	1
14	67	1
14	68	2
14	70	1
14	71	1
14	76	1
14	77	1
14	80	2
14	82	1
14	83	1
14	85	1
14	87	1
14	89	1
14	93	1
14	101	2
14	102	1
14	103	1
14	104	1
14	106	1
14	108	1
14	113	2
14	117	1
15	24	2
15	58	2
15	83	1
15	118	1
16	17	3
16	19	5
16	20	1
16	22	1
16	23	2
16	24	6
16	25	5
16	29	2
16	30	1
16	33	2
16	34	1
16	36	2
16	37	2
16	38	3
16	40	1
16	41	2
16	42	1
16	44	3
16	46	1
16	54	1
16	55	1
16	58	12
16	67	1
16	68	2
16	70	1
16	71	2
16	77	3
16	80	3
16	82	1
16	83	1
16	87	2
16	89	2
16	93	1
16	99	2
16	101	1
16	103	1
16	106	2
16	108	2
16	113	1
16	114	1
17	19	8
17	22	1
17	23	2
17	24	9
17	25	5
17	26	2
17	28	1
17	29	1
17	30	2
17	32	2
17	33	2
17	34	1
17	36	6
17	37	5
17	38	5
17	40	2
17	41	3
17	44	1
17	46	1
17	47	2
17	53	2
17	55	1
17	56	3
17	58	15
17	60	1
17	61	1
17	62	1
17	63	1
17	67	1
17	68	3
17	70	2
17	71	1
17	77	2
17	80	2
17	82	1
17	83	1
17	87	1
17	89	2
17	91	1
17	93	2
17	98	2
17	99	1
17	101	1
17	103	3
17	104	1
17	106	2
17	107	1
17	108	5
17	111	1
17	112	3
17	113	1
17	117	3
18	19	4
18	22	1
18	24	3
18	25	6
18	26	3
18	32	1
18	35	1
18	36	4
18	37	2
18	40	1
18	41	1
18	44	1
18	45	1
18	48	1
18	54	1
18	56	1
18	58	10
18	61	1
18	63	1
18	66	2
18	68	2
18	70	1
18	72	1
18	80	1
18	85	1
18	101	1
18	102	2
18	113	2
18	114	2
19	20	5
19	22	11
19	23	5
19	24	29
19	25	20
19	26	9
19	27	2
19	29	2
19	30	7
19	31	1
19	32	7
19	33	6
19	34	4
19	36	8
19	37	9
19	38	7
19	39	1
19	40	10
19	41	6
19	42	2
19	43	2
19	44	7
19	46	3
19	48	3
19	52	1
19	53	3
19	54	3
19	55	4
19	56	9
19	58	55
19	60	2
19	62	4
19	63	1
19	65	2
19	67	2
19	68	10
19	70	4
19	71	4
19	73	1
19	75	1
19	76	3
19	77	4
19	78	2
19	80	10
19	81	1
19	82	2
19	83	3
19	84	2
19	85	3
19	87	3
19	89	5
19	93	2
19	94	1
19	99	3
19	101	5
19	102	1
19	103	2
19	106	6
19	108	6
19	110	1
19	111	1
19	112	3
19	113	6
19	114	3
19	115	1
19	117	2
19	118	3
20	22	2
20	23	3
20	24	11
20	25	7
20	26	4
20	30	2
20	33	1
20	34	1
20	36	2
20	37	1
20	38	2
20	39	1
20	40	3
20	41	2
20	44	2
20	48	1
20	55	1
20	56	2
20	58	12
20	60	1
20	63	1
20	65	1
20	68	2
20	71	1
20	75	1
20	76	1
20	77	1
20	80	1
20	83	1
20	84	1
20	85	1
20	87	1
20	88	1
20	89	2
20	100	1
20	101	2
20	105	1
20	107	1
20	108	1
20	113	4
20	114	2
21	24	2
21	28	1
21	58	1
21	85	1
21	116	2
22	24	7
22	25	5
22	26	7
22	27	1
22	28	2
22	30	1
22	31	1
22	35	1
22	36	3
22	37	5
22	38	4
22	40	2
22	41	1
22	42	2
22	43	2
22	48	1
22	51	1
22	53	1
22	54	1
22	55	1
22	56	2
22	57	1
22	58	22
22	59	1
22	62	2
22	66	1
22	68	1
22	72	1
22	73	1
22	76	1
22	80	2
22	81	1
22	83	2
22	89	1
22	91	1
22	101	1
22	106	1
22	108	3
22	112	2
22	113	2
22	114	2
22	117	2
22	118	4
23	24	5
23	25	7
23	26	4
23	29	1
23	30	4
23	33	4
23	34	2
23	36	4
23	37	2
23	38	3
23	39	1
23	40	2
23	41	1
23	44	4
23	46	2
23	47	1
23	48	1
23	55	2
23	56	3
23	58	8
23	60	1
23	61	3
23	65	1
23	67	2
23	68	4
23	70	3
23	71	2
23	80	3
23	82	1
23	83	2
23	85	1
23	87	3
23	89	4
23	93	1
23	100	1
23	101	2
23	103	1
23	104	1
23	106	2
23	108	3
23	112	1
23	113	3
23	114	2
24	25	17
24	26	9
24	28	1
24	29	1
24	30	5
24	31	1
24	32	5
24	33	8
24	34	4
24	35	2
24	36	10
24	37	4
24	38	8
24	39	1
24	40	9
24	41	4
24	42	2
24	43	3
24	44	11
24	46	2
24	47	2
24	48	4
24	52	1
24	53	2
24	55	3
24	56	6
24	57	1
24	58	76
24	60	2
24	61	3
24	62	4
24	63	3
24	65	1
24	66	2
24	67	2
24	68	8
24	69	1
24	70	4
24	71	3
24	72	4
24	73	2
24	75	1
24	76	2
24	77	9
24	78	1
24	80	9
24	81	1
24	82	1
24	83	2
24	84	2
24	85	2
24	87	2
24	89	7
24	93	2
24	94	1
24	95	1
24	96	1
24	98	3
24	99	3
24	100	2
24	101	4
24	103	2
24	104	2
24	106	4
24	107	5
24	108	6
24	112	3
24	113	5
24	114	4
24	115	1
24	117	3
24	118	4
25	26	11
25	28	1
25	29	1
25	30	4
25	32	5
25	33	8
25	34	2
25	36	10
25	37	7
25	38	9
25	39	2
25	40	11
25	41	5
25	42	2
25	43	1
25	44	8
25	45	3
25	46	3
25	48	5
25	51	1
25	52	2
25	54	2
25	55	4
25	56	5
25	58	47
25	60	1
25	61	1
25	62	2
25	63	1
25	65	2
25	66	1
25	67	1
25	68	9
25	70	6
25	71	4
25	75	2
25	76	4
25	77	4
25	78	2
25	80	11
25	82	2
25	83	2
25	84	1
25	85	3
25	87	4
25	89	7
25	91	1
25	93	2
25	94	1
25	97	1
25	98	2
25	99	1
25	100	2
25	101	3
25	102	3
25	103	2
25	104	1
25	106	5
25	108	7
25	111	1
25	112	3
25	113	5
25	114	7
25	117	2
26	28	1
26	30	4
26	32	1
26	33	3
26	34	1
26	36	3
26	37	1
26	38	4
26	39	1
26	40	6
26	44	3
26	48	2
26	55	1
26	56	4
26	57	1
26	58	16
26	60	2
26	62	1
26	63	3
26	65	1
26	66	1
26	67	1
26	68	3
26	71	1
26	76	2
26	77	2
26	80	1
26	85	2
26	87	1
26	89	2
26	93	1
26	101	2
26	102	1
26	104	1
26	106	2
26	108	4
26	110	1
26	112	2
26	113	2
26	114	3
26	117	1
27	34	1
27	37	2
27	54	2
27	56	1
27	58	1
27	62	1
27	94	1
27	97	1
27	99	2
27	118	1
28	35	2
28	37	1
28	38	2
28	44	1
28	54	3
28	58	5
28	60	1
28	63	1
28	72	2
28	80	1
28	89	1
28	105	1
28	106	1
29	30	1
29	33	1
29	34	1
29	36	1
29	37	1
29	38	1
29	40	1
29	44	1
29	46	1
29	55	1
29	58	3
29	67	1
29	68	2
29	70	1
29	71	1
29	80	2
29	82	1
29	83	1
29	87	1
29	89	2
29	93	1
29	103	1
29	106	1
29	108	1
29	113	1
30	31	1
30	33	3
30	34	1
30	36	3
30	37	1
30	38	1
30	39	3
30	40	1
30	43	1
30	44	2
30	45	1
30	46	1
30	47	1
30	48	1
30	55	3
30	56	3
30	58	6
30	60	1
30	61	1
30	65	1
30	67	2
30	68	4
30	70	2
30	71	1
30	80	4
30	81	1
30	82	1
30	83	1
30	85	1
30	87	1
30	89	1
30	93	1
30	101	1
30	103	1
30	104	1
30	106	3
30	107	1
30	108	1
30	110	1
30	112	1
30	113	2
30	114	1
31	43	1
31	58	1
31	68	1
31	81	1
32	33	1
32	36	1
32	37	1
32	38	1
32	40	2
32	41	1
32	42	1
32	44	1
32	46	2
32	48	2
32	53	2
32	54	1
32	58	11
32	65	1
32	70	2
32	71	1
32	77	2
32	80	2
32	84	2
32	87	1
32	98	1
32	99	1
32	106	1
32	107	1
32	108	1
32	113	2
32	114	2
33	34	2
33	36	5
33	37	1
33	38	3
33	39	1
33	40	5
33	43	1
33	44	5
33	46	2
33	47	1
33	48	1
33	54	1
33	55	1
33	56	2
33	58	11
33	61	1
33	67	1
33	68	3
33	70	5
33	71	3
33	73	1
33	75	1
33	77	3
33	80	5
33	82	1
33	83	3
33	84	1
33	87	2
33	89	3
33	93	1
33	99	1
33	101	1
33	103	1
33	104	1
33	106	3
33	108	2
33	112	3
33	113	2
33	114	2
33	115	1
34	36	1
34	37	1
34	38	1
34	40	4
34	42	1
34	44	1
34	46	1
34	55	1
34	56	2
34	58	8
34	62	1
34	67	1
34	68	2
34	70	2
34	71	2
34	77	1
34	80	1
34	82	1
34	83	1
34	84	1
34	87	2
34	89	2
34	93	1
34	97	2
34	101	1
34	103	1
34	106	1
34	108	1
34	113	3
34	114	2
35	36	2
35	58	5
35	59	1
35	68	1
35	72	2
35	75	1
35	87	1
35	91	1
35	99	1
35	107	1
35	108	1
35	117	1
36	37	4
36	38	6
36	40	3
36	41	1
36	44	4
36	45	1
36	46	2
36	47	2
36	52	1
36	55	2
36	56	3
36	58	41
36	59	1
36	61	2
36	63	2
36	66	1
36	67	1
36	68	3
36	70	3
36	71	1
36	73	2
36	77	3
36	80	5
36	82	1
36	83	3
36	87	2
36	89	2
36	91	1
36	93	1
36	94	1
36	97	1
36	99	2
36	100	1
36	102	2
36	103	1
36	104	1
36	106	1
36	108	7
36	112	2
36	113	3
36	114	2
36	115	1
36	117	1
37	38	9
37	40	2
37	41	2
37	42	1
37	44	3
37	46	1
37	53	2
37	54	3
37	55	1
37	56	3
37	58	18
37	60	2
37	62	1
37	67	1
37	68	4
37	70	2
37	71	2
37	73	2
37	77	1
37	80	1
37	82	1
37	83	1
37	87	2
37	89	3
37	93	2
37	98	1
37	99	3
37	101	1
37	102	1
37	103	1
37	106	4
37	107	1
37	108	5
37	112	2
37	113	2
38	40	3
38	41	1
38	44	6
38	46	2
38	48	1
38	53	1
38	55	2
38	56	1
38	58	23
38	60	2
38	63	3
38	67	1
38	68	3
38	70	4
38	71	1
38	73	1
38	75	1
38	77	2
38	80	6
38	82	1
38	83	4
38	87	2
38	89	3
38	93	3
38	97	1
38	98	1
38	99	2
38	103	2
38	106	4
38	107	2
38	108	7
38	112	1
38	113	1
38	114	1
38	117	1
39	44	1
39	48	1
39	55	1
39	56	1
39	58	3
39	60	1
39	65	1
39	68	1
39	80	2
39	85	1
39	101	1
39	106	1
39	113	1
40	41	4
40	42	2
40	43	1
40	44	4
40	46	1
40	48	1
40	53	1
40	54	1
40	55	1
40	56	1
40	58	20
40	67	1
40	68	4
40	70	3
40	71	4
40	73	1
40	75	1
40	76	1
40	77	4
40	80	3
40	82	4
40	83	1
40	84	1
40	85	1
40	87	2
40	89	3
40	91	1
40	93	1
40	99	2
40	100	1
40	101	1
40	103	1
40	104	1
40	105	1
40	106	3
40	107	1
40	108	2
40	112	1
40	113	4
40	114	3
40	115	1
41	44	1
41	55	1
41	58	10
41	63	1
41	68	2
41	77	2
41	82	1
41	87	1
41	89	2
41	93	1
41	103	1
41	106	1
41	108	1
41	112	2
41	113	1
41	114	1
42	56	1
42	58	9
42	78	1
42	80	1
42	82	1
42	84	2
42	107	1
42	113	1
43	58	3
43	68	2
43	73	1
43	81	1
43	99	1
43	115	1
44	46	2
44	48	2
44	55	2
44	56	1
44	58	15
44	60	1
44	65	1
44	67	1
44	68	3
44	70	4
44	71	2
44	73	1
44	77	3
44	80	6
44	82	1
44	83	2
44	84	2
44	85	2
44	87	2
44	89	3
44	93	1
44	101	1
44	103	1
44	106	3
44	108	3
44	112	1
44	113	2
44	114	1
44	117	1
45	55	1
45	58	2
45	68	1
45	71	2
45	89	2
45	94	2
45	106	1
46	55	1
46	58	7
46	65	1
46	67	1
46	68	1
46	70	2
46	71	1
46	80	2
46	82	1
46	83	2
46	87	3
46	89	1
46	93	1
46	98	1
46	103	3
46	106	1
46	108	2
46	113	1
47	56	1
47	58	3
47	61	1
47	68	1
47	70	1
47	80	1
47	104	1
47	112	1
48	54	1
48	55	1
48	56	1
48	58	7
48	60	1
48	65	1
48	68	1
48	70	2
48	71	1
48	77	1
48	80	3
48	83	1
48	84	1
48	85	2
48	101	1
48	106	3
48	113	2
48	114	2
50	54	1
50	75	2
51	58	1
51	83	1
51	112	1
52	54	1
52	55	1
52	58	4
52	61	1
52	97	1
52	100	1
52	102	1
52	114	1
53	56	2
53	58	6
53	60	1
53	70	1
53	98	1
53	99	1
53	107	1
53	112	1
53	114	1
54	55	1
54	58	7
54	62	1
54	63	1
54	70	1
54	72	2
54	73	1
54	75	1
54	80	2
54	84	1
54	94	2
54	99	2
54	102	1
54	113	1
54	114	1
55	56	1
55	58	5
55	60	1
55	65	1
55	67	1
55	68	3
55	69	4
55	70	1
55	71	2
55	77	1
55	80	3
55	82	1
55	83	1
55	85	2
55	87	1
55	89	2
55	93	1
55	97	1
55	101	2
55	102	1
55	103	1
55	106	1
55	108	2
55	113	2
56	58	11
56	60	2
56	61	1
56	65	1
56	68	2
56	70	1
56	71	1
56	78	1
56	80	1
56	85	1
56	87	2
56	89	3
56	97	2
56	101	2
56	102	1
56	104	1
56	106	1
56	108	1
56	110	1
56	112	2
56	113	3
56	114	2
57	58	3
57	108	1
58	59	3
58	60	3
58	61	4
58	62	5
58	63	9
58	65	1
58	66	2
58	67	3
58	68	16
58	70	10
58	71	7
58	72	6
58	73	3
58	75	6
58	76	2
58	77	10
58	78	4
58	80	30
58	81	7
58	82	2
58	83	4
58	84	4
58	85	4
58	87	6
58	89	9
58	91	6
58	93	3
58	94	4
58	97	3
58	98	6
58	99	8
58	100	5
58	101	6
58	102	4
58	103	8
58	104	2
58	105	2
58	106	12
58	107	6
58	108	13
58	110	1
58	111	5
58	112	8
58	113	17
58	114	11
58	115	1
58	117	11
58	118	3
59	91	1
60	65	1
60	68	1
60	80	2
60	85	1
60	101	1
60	106	2
60	107	1
60	113	1
61	70	1
61	71	1
61	100	1
61	104	1
61	112	1
61	114	1
62	77	1
62	80	1
62	118	1
63	80	1
63	93	1
63	108	1
63	112	1
63	117	1
65	68	1
65	80	1
65	85	1
65	87	1
65	101	1
65	108	1
65	113	1
67	68	1
67	70	1
67	71	1
67	80	1
67	82	1
67	83	1
67	87	1
67	89	1
67	93	1
67	94	1
67	103	1
67	106	1
67	108	1
67	113	1
67	114	1
67	117	1
68	70	2
68	71	2
68	73	1
68	77	1
68	80	4
68	81	1
68	82	1
68	83	1
68	85	1
68	87	3
68	89	4
68	93	1
68	98	1
68	99	1
68	101	3
68	103	2
68	106	3
68	108	2
68	111	1
68	113	3
68	114	2
68	115	1
68	117	1
69	70	1
70	71	2
70	75	1
70	77	1
70	80	4
70	82	1
70	83	3
70	84	1
70	87	1
70	89	1
70	93	1
70	97	1
70	103	1
70	104	1
70	106	2
70	108	1
70	112	1
70	113	2
70	114	3
71	77	2
71	80	2
71	82	1
71	83	1
71	84	1
71	87	2
71	89	3
71	93	1
71	94	1
71	101	2
71	103	1
71	106	2
71	108	1
71	113	3
71	114	2
72	80	3
72	84	1
72	91	1
72	94	1
72	97	1
72	103	1
72	108	1
72	113	1
72	114	1
73	77	1
73	99	1
73	115	1
75	83	1
75	85	1
75	91	1
75	107	1
75	113	1
76	104	1
77	80	3
77	84	1
77	89	3
77	105	1
77	106	1
77	108	1
77	112	1
77	114	1
78	80	1
80	82	2
80	83	2
80	84	1
80	85	2
80	87	3
80	89	2
80	91	4
80	93	1
80	94	2
80	97	1
80	99	1
80	101	1
80	103	1
80	106	5
80	108	3
80	113	2
80	114	1
80	116	1
80	117	5
81	91	1
81	117	1
82	83	1
82	87	1
82	89	1
82	93	1
82	96	1
82	103	1
82	106	1
82	107	1
82	108	1
82	113	1
83	87	1
83	89	1
83	93	1
83	103	1
83	106	2
83	108	1
83	112	2
83	113	1
83	118	1
84	106	1
84	113	1
84	114	1
85	89	3
85	101	1
85	107	1
85	113	2
87	89	3
87	93	1
87	100	2
87	101	1
87	103	4
87	106	2
87	108	3
87	113	2
87	114	1
87	117	2
89	93	1
89	94	1
89	100	1
89	101	2
89	103	1
89	106	3
89	108	5
89	112	1
89	113	2
89	114	1
89	118	2
90	114	1
91	94	1
91	105	1
93	103	1
93	106	1
93	108	1
93	112	1
93	113	1
94	99	1
94	103	1
94	106	1
94	117	1
97	108	1
97	114	2
98	99	1
98	107	1
98	108	1
98	117	1
99	100	1
99	106	1
99	107	1
99	114	1
99	115	1
100	108	1
100	114	1
101	113	3
101	114	1
101	117	1
101	118	2
102	113	1
102	114	1
102	117	1
103	106	1
103	108	1
103	111	1
103	113	1
104	112	1
104	115	1
106	108	2
106	110	1
106	113	1
106	114	1
107	112	1
108	112	1
108	113	1
108	117	1
112	117	1
113	114	3